0.8379747	0
1.6759494	0
2.5139240999999997	0
3.3518988	0
4.1898735	0
5.027848199999999	15
5.8658228999999995	57
6.7037976	49
7.5417723	38
8.379747	48
9.2177217	41
10.055696399999999	47
10.893671099999999	35
11.731645799999999	44
12.5696205	48
13.4075952	44
14.2455699	54
15.0835446	41
15.9215193	49
16.759494	52
17.5974687	68
18.4354434	52
19.2734181	50
20.111392799999997	44
20.949367499999997	50
21.787342199999998	43
22.625316899999998	57
23.463291599999998	51
24.301266299999998	45
25.139241	45
25.9772157	57
26.8151904	60
27.6531651	52
28.4911398	61
29.3291145	52
30.1670892	58
31.0050639	58
31.8430386	62
32.6810133	71
33.518988	55
34.3569627	67
35.1949374	55
36.0329121	53
36.8708868	63
37.7088615	54
38.5468362	38
39.3848109	59
40.222785599999995	55
41.0607603	56
41.898734999999995	50
42.7367097	46
43.574684399999995	47
44.4126591	63
45.250633799999996	46
46.0886085	50
46.926583199999996	54
47.7645579	65
48.602532599999996	47
49.4405073	43
50.278482	45
51.1164567	58
51.9544314	49
52.7924061	59
53.6303808	49
54.468355499999994	54
55.3063302	56
56.144304899999995	32
56.9822796	63
57.820254299999995	50
58.658229	56
59.496203699999995	48
60.3341784	51
61.172153099999996	53
62.0101278	46
62.848102499999996	53
63.6860772	48
64.5240519	61
65.3620266	54
66.2000013	62
67.037976	51
67.87595069999999	74
68.7139254	54
69.5519001	57
70.3898748	66
71.22784949999999	63
72.0658242	54
72.9037989	58
73.7417736	51
74.57974829999999	56
75.417723	52
76.2556977	70
77.0936724	53
77.93164709999999	60
78.7696218	56
79.6075965	64
80.44557119999999	65
81.2835459	67
82.1215206	71
82.9594953	53
83.79746999999999	60
84.6354447	60
85.4734194	48
86.3113941	53
87.14936879999999	65
87.9873435	65
88.8253182	59
89.6632929	62
90.50126759999999	53
91.3392423	53
92.177217	55
93.0151917	52
93.85316639999999	49
94.6911411	45
95.5291158	53
96.36709049999999	53
97.20506519999999	52
98.0430399	53
98.8810146	54
99.71898929999999	62
100.556964	65
101.3949387	62
102.2329134	70
103.07088809999999	53
103.9088628	64
104.7468375	51
105.5848122	57
106.42278689999999	59
107.2607616	54
108.0987363	49
108.93671099999999	43
109.77468569999999	48
110.6126604	47
111.4506351	44
112.28860979999999	52
113.12658449999999	66
113.9645592	67
114.8025339	53
115.64050859999999	62
116.4784833	65
117.316458	53
118.1544327	55
118.99240739999999	51
119.8303821	44
120.6683568	50
121.50633149999999	55
122.34430619999999	50
123.1822809	49
124.0202556	51
124.85823029999999	47
125.69620499999999	71
126.5341797	57
127.3721544	47
128.2101291	50
129.0481038	61
129.8860785	55
130.7240532	54
131.5620279	69
132.4000026	50
133.23797729999998	49
134.075952	50
134.9139267	64
135.75190139999998	41
136.5898761	55
137.4278508	51
138.2658255	52
139.1038002	52
139.94177489999998	58
140.7797496	53
141.6177243	60
142.45569899999998	55
143.2936737	42
144.1316484	53
144.9696231	43
145.8075978	59
146.6455725	68
147.4835472	58
148.3215219	49
149.15949659999998	54
149.9974713	52
150.835446	51
151.67342069999998	67
152.5113954	50
153.3493701	56
154.1873448	51
155.0253195	54
155.86329419999998	55
156.7012689	46
157.5392436	68
158.37721829999998	59
159.215193	57
160.0531677	59
160.89114239999998	54
161.7291171	46
162.5670918	60
163.4050665	55
164.2430412	56
165.08101589999998	55
165.9189906	57
166.7569653	65
167.59493999999998	50
168.4329147	46
169.2708894	66
170.1088641	57
170.9468388	56
171.78481349999998	58
172.6227882	60
173.4607629	63
174.29873759999998	53
175.1367123	63
175.974687	60
176.81266169999998	52
177.6506364	61
178.48861109999999	51
179.3265858	48
180.1645605	56
181.00253519999998	42
181.8405099	57
182.6784846	60
183.51645929999998	46
184.354434	51
185.1924087	62
186.0303834	53
186.8683581	46
187.70633279999998	48
188.5443075	58
189.3822822	63
190.22025689999998	53
191.0582316	53
191.8962063	53
192.73418099999998	53
193.5721557	63
194.41013039999999	48
195.2481051	56
196.0860798	57
196.92405449999998	52
197.7620292	57
198.6000039	63
199.43797859999998	60
200.2759533	57
201.113928	47
201.95190269999998	55
202.7898774	58
203.62785209999998	54
204.4658268	65
205.3038015	60
206.14177619999998	51
206.9797509	45
207.8177256	60
208.65570029999998	75
209.493675	64
210.33164969999999	57
211.1696244	55
212.0075991	77
212.84557379999998	73
213.6835485	64
214.5215232	65
215.35949789999998	66
216.1974726	71
217.0354473	96
217.87342199999998	60
218.7113967	81
219.54937139999998	82
220.3873461	102
221.2253208	68
222.06329549999998	70
222.9012702	83
223.7392449	69
224.57721959999998	76
225.4151943	86
226.25316899999999	79
227.0911437	62
227.9291184	90
228.76709309999998	86
229.6050678	90
230.4430425	70
231.28101719999998	80
232.1189919	68
232.9569666	67
233.79494129999998	83
234.632916	71
235.47089069999998	77
236.3088654	79
237.1468401	75
237.98481479999998	85
238.8227895	84
239.6607642	81
240.49873889999998	66
241.3367136	86
242.17468829999999	85
243.01266299999997	81
243.8506377	61
244.68861239999998	68
245.5265871	69
246.3645618	60
247.20253649999998	70
248.0405112	91
248.8784859	90
249.71646059999998	80
250.5544353	87
251.39240999999998	74
252.2303847	67
253.0683594	87
253.90633409999998	64
254.7443088	67
255.5822835	81
256.4202582	74
257.2582329	67
258.0962076	56
258.9341823	87
259.772157	67
260.6101317	74
261.4481064	67
262.2860811	84
263.1240558	62
263.96203049999997	66
264.8000052	59
265.6379799	63
266.47595459999997	64
267.3139293	59
268.151904	70
268.98987869999996	61
269.8278534	69
270.6658281	59
271.50380279999996	47
272.3417775	61
273.1797522	66
274.0177269	53
274.8557016	46
275.6936763	53
276.531651	62
277.3696257	63
278.2076004	55
279.0455751	68
279.88354979999997	74
280.7215245	61
281.5594992	68
282.39747389999997	55
283.2354486	69
284.0734233	57
284.91139799999996	54
285.7493727	68
286.5873474	63
287.42532209999996	64
288.2632968	68
289.1012715	72
289.9392462	64
290.7772209	59
291.6151956	52
292.4531703	68
293.291145	66
294.1291197	59
294.9670944	71
295.80506909999997	65
296.6430438	52
297.4810185	53
298.31899319999997	62
299.1569679	59
299.9949426	75
300.83291729999996	65
301.670892	57
302.5088667	70
303.34684139999996	64
304.1848161	63
305.0227908	65
305.8607655	43
306.6987402	57
307.5367149	60
308.3746896	49
309.2126643	55
310.050639	55
310.8886137	53
311.72658839999997	51
312.5645631	51
313.4025378	78
314.24051249999997	64
315.0784872	60
315.9164619	60
316.75443659999996	47
317.5924113	45
318.430386	53
319.26836069999996	66
320.1063354	71
320.9443101	43
321.78228479999996	49
322.6202595	52
323.4582342	52
324.2962089	57
325.1341836	59
325.9721583	59
326.810133	51
327.64810769999997	58
328.4860824	56
329.3240571	56
330.16203179999997	59
331.0000065	54
331.8379812	46
332.67595589999996	78
333.5139306	53
334.3519053	45
335.18987999999996	63
336.0278547	61
336.8658294	60
337.70380409999996	51
338.5417788	46
339.3797535	47
340.2177282	67
341.05570289999997	57
341.8936776	42
342.7316523	44
343.56962699999997	53
344.4076017	56
345.2455764	55
346.08355109999997	40
346.9215258	49
347.7595005	52
348.59747519999996	51
349.4354499	50
350.2734246	48
351.11139929999996	55
351.949374	61
352.7873487	49
353.62532339999996	73
354.4632981	55
355.3012728	52
356.1392475	63
356.97722219999997	57
357.8151969	49
358.6531716	41
359.49114629999997	62
360.329121	50
361.1670957	61
362.00507039999997	53
362.8430451	50
363.6810198	55
364.51899449999996	56
365.3569692	44
366.1949439	68
367.03291859999996	42
367.8708933	56
368.708868	50
369.54684269999996	58
370.3848174	55
371.2227921	52
372.0607668	57
372.89874149999997	44
373.7367162	60
374.5746909	68
375.41266559999997	51
376.2506403	56
377.088615	53
377.92658969999997	53
378.7645644	53
379.6025391	41
380.44051379999996	51
381.2784885	51
382.1164632	63
382.95443789999996	40
383.7924126	57
384.6303873	41
385.46836199999996	52
386.3063367	56
387.1443114	52
387.9822861	50
388.82026079999997	54
389.6582355	51
390.4962102	49
391.33418489999997	48
392.1721596	41
393.0101343	48
393.84810899999997	40
394.6860837	43
395.5240584	57
396.36203309999996	40
397.2000078	44
398.0379825	48
398.87595719999996	67
399.7139319	48
400.5519066	51
401.38988129999996	63
402.227856	68
403.0658307	50
403.90380539999995	58
404.74178009999997	51
405.5797548	54
406.4177295	49
407.25570419999997	45
408.0936789	48
408.9316536	66
409.76962829999997	56
410.607603	46
411.4455777	41
412.28355239999996	50
413.1215271	53
413.9595018	54
414.79747649999996	43
415.6354512	47
416.4734259	55
417.31140059999996	52
418.1493753	55
418.98735	40
419.82532469999995	46
420.66329939999997	49
421.5012741	56
422.3392488	62
423.17722349999997	55
424.0151982	47
424.8531729	43
425.69114759999997	46
426.5291223	43
427.367097	60
428.20507169999996	55
429.0430464	46
429.8810211	49
430.71899579999996	55
431.5569705	55
432.3949452	44
433.23291989999996	59
434.0708946	42
434.9088693	53
435.74684399999995	60
436.58481869999997	55
437.4227934	48
438.2607681	47
439.09874279999997	55
439.9367175	53
440.7746922	47
441.61266689999997	54
442.4506416	59
443.2886163	41
444.12659099999996	50
444.9645657	44
445.8025404	52
446.64051509999996	51
447.4784898	61
448.3164645	66
449.15443919999996	44
449.9924139	64
450.8303886	45
451.66836329999995	51
452.50633799999997	33
453.3443127	47
454.1822874	54
455.02026209999997	56
455.8582368	58
456.6962115	55
457.53418619999997	60
458.3721609	60
459.2101356	49
460.04811029999996	49
460.886085	56
461.7240597	43
462.56203439999996	40
463.4000091	44
464.2379838	47
465.07595849999996	48
465.9139332	43
466.7519079	47
467.58988259999995	53
468.42785729999997	55
469.265832	55
470.10380669999995	54
470.94178139999997	49
471.7797561	58
472.6177308	38
473.45570549999997	38
474.2936802	46
475.1316549	49
475.96962959999996	40
476.8076043	49
477.645579	57
478.48355369999996	53
479.3215284	57
480.1595031	47
480.99747779999996	51
481.8354525	51
482.6734272	46
483.51140189999995	55
484.34937659999997	48
485.1873513	52
486.02532599999995	48
486.86330069999997	55
487.7012754	53
488.5392501	45
489.37722479999996	56
490.2151995	50
491.0531742	41
491.89114889999996	42
492.7291236	48
493.5670983	45
494.40507299999996	48
495.2430477	54
496.0810224	66
496.91899709999996	51
497.7569718	52
498.5949465	53
499.43292119999995	62
500.27089589999997	54
501.1088706	40
501.94684529999995	45
502.78481999999997	46
503.6227947	46
504.4607694	60
505.29874409999996	44
506.1367188	45
506.9746935	51
507.81266819999996	54
508.6506429	45
509.4886176	52
510.32659229999996	51
511.164567	51
512.0025416999999	44
512.8405164	48
513.6784911	35
514.5164658	49
515.3544405	40
516.1924152	31
517.0303898999999	56
517.8683646	47
518.7063393	44
519.544314	54
520.3822887	49
521.2202634	59
522.0582380999999	42
522.8962128	40
523.7341875	57
524.5721622	45
525.4101369	38
526.2481116	57
527.0860862999999	48
527.9240609999999	35
528.7620357	40
529.6000104	47
530.4379851	52
531.2759598	56
532.1139345	44
532.9519091999999	45
533.7898839	52
534.6278586	49
535.4658333	37
536.303808	56
537.1417827	53
537.9797573999999	50
538.8177321	48
539.6557068	59
540.4936815	36
541.3316562	42
542.1696309	43
543.0076055999999	41
543.8455802999999	50
544.683555	38
545.5215297	44
546.3595044	44
547.1974791	42
548.0354538	54
548.8734284999999	44
549.7114032	55
550.5493779	45
551.3873526	57
552.2253273	50
553.063302	46
553.9012766999999	49
554.7392514	54
555.5772261	49
556.4152008	47
557.2531755	49
558.0911502	45
558.9291248999999	50
559.7670995999999	44
560.6050743	52
561.443049	45
562.2810237	48
563.1189984	40
563.9569731	46
564.7949477999999	46
565.6329225	41
566.4708972	51
567.3088719	36
568.1468466	33
568.9848213	46
569.8227959999999	59
570.6607707	57
571.4987454	50
572.3367201	43
573.1746948	42
574.0126695	28
574.8506441999999	44
575.6886188999999	57
576.5265936	43
577.3645683	43
578.202543	51
579.0405177	52
579.8784924	48
580.7164670999999	57
581.5544418	52
582.3924165	37
583.2303912	41
584.0683659	41
584.9063406	53
585.7443152999999	51
586.58229	48
587.4202647	49
588.2582394	43
589.0962141	52
589.9341888	49
590.7721634999999	56
591.6101381999999	44
592.4481129	53
593.2860876	34
594.1240623	55
594.962037	45
595.8000117	63
596.6379863999999	45
597.4759611	45
598.3139358	50
599.1519105	57
599.9898852	49
600.8278599	48
601.6658345999999	55
602.5038093	43
603.341784	44
604.1797587	56
605.0177334	44
605.8557081	52
606.6936827999999	37
607.5316574999999	38
608.3696322	45
609.2076069	46
610.0455816	44
610.8835563	52
611.721531	41
612.5595056999999	40
613.3974804	44
614.2354551	40
615.0734298	62
615.9114045	62
616.7493792	47
617.5873538999999	54
618.4253286	54
619.2633033	41
620.101278	37
620.9392527	52
621.7772274	41
622.6152020999999	38
623.4531767999999	45
624.2911515	50
625.1291262	48
625.9671009	51
626.8050756	47
627.6430503	52
628.4810249999999	49
629.3189997	50
630.1569744	45
630.9949491	42
631.8329238	58
632.6708985	48
633.5088731999999	46
634.3468479	39
635.1848226	48
636.0227973	46
636.860772	50
637.6987467	56
638.5367213999999	67
639.3746960999999	47
640.2126708	53
641.0506455	43
641.8886202	56
642.7265949	47
643.5645695999999	46
644.4025442999999	41
645.240519	49
646.0784937	54
646.9164684	47
647.7544431	53
648.5924178	44
649.4303924999999	49
650.2683672	49
651.1063419	54
651.9443166	46
652.7822913	44
653.620266	56
654.4582406999999	52
655.2962153999999	42
656.1341901	52
656.9721648	44
657.8101395	59
658.6481142	49
659.4860888999999	46
660.3240635999999	45
661.1620383	55
662.000013	62
662.8379877	46
663.6759624	55
664.5139371	51
665.3519117999999	49
666.1898865	59
667.0278612	45
667.8658359	40
668.7038106	37
669.5417853	47
670.3797599999999	48
671.2177346999999	48
672.0557094	48
672.8936841	54
673.7316588	35
674.5696335	55
675.4076081999999	51
676.2455828999999	59
677.0835576	52
677.9215323	42
678.759507	48
679.5974817	40
680.4354564	49
681.2734310999999	41
682.1114057999999	41
682.9493805	57
683.7873552	56
684.6253299	46
685.4633046	52
686.3012792999999	55
687.1392539999999	61
687.9772287	62
688.8152034	44
689.6531781	60
690.4911528	40
691.3291274999999	46
692.1671021999999	48
693.0050769	46
693.8430516	40
694.6810263	52
695.519001	47
696.3569757	40
697.1949503999999	55
698.0329250999999	46
698.8708998	52
699.7088745	61
700.5468492	51
701.3848239	62
702.2227985999999	37
703.0607732999999	48
703.898748	46
704.7367227	43
705.5746974	54
706.4126721	58
707.2506467999999	45
708.0886214999999	52
708.9265962	57
709.7645709	53
710.6025456	58
711.4405203	46
712.278495	40
713.1164696999999	50
713.9544443999999	58
714.7924191	59
715.6303938	51
716.4683685	48
717.3063432	41
718.1443178999999	53
718.9822925999999	47
719.8202673	56
720.658242	61
721.4962167	38
722.3341914	59
723.1721660999999	54
724.0101407999999	51
724.8481155	48
725.6860902	44
726.5240649	52
727.3620396	41
728.2000143	57
729.0379889999999	51
729.8759636999999	45
730.7139384	53
731.5519131	55
732.3898878	53
733.2278625	35
734.0658371999999	55
734.9038118999999	57
735.7417866	52
736.5797613	49
737.417736	54
738.2557107	45
739.0936853999999	56
739.9316600999999	54
740.7696348	55
741.6076095	60
742.4455842	61
743.2835589	56
744.1215336	42
744.9595082999999	62
745.7974829999999	57
746.6354577	37
747.4734324	57
748.3114071	56
749.1493818	57
749.9873564999999	49
750.8253311999999	64
751.6633059	49
752.5012806	42
753.3392553	38
754.17723	47
755.0152046999999	52
755.8531793999999	49
756.6911541	49
757.5291288	41
758.3671035	61
759.2050782	46
760.0430529	51
760.8810275999999	56
761.7190022999999	62
762.556977	45
763.3949517	41
764.2329264	54
765.0709011	59
765.9088757999999	46
766.7468504999999	56
767.5848252	54
768.4227999	45
769.2607746	50
770.0987493	52
770.9367239999999	62
771.7746986999999	62
772.6126734	53
773.4506481	48
774.2886228	53
775.1265975	52
775.9645722	56
776.8025468999999	51
777.6405215999999	55
778.4784963	56
779.316471	51
780.1544457	50
780.9924204	44
781.8303950999999	58
782.6683697999999	60
783.5063445	55
784.3443192	54
785.1822939	48
786.0202686	58
786.8582432999999	59
787.6962179999999	54
788.5341927	49
789.3721674	64
790.2101421	46
791.0481168	52
791.8860914999999	60
792.7240661999999	59
793.5620408999999	51
794.4000156	66
795.2379903	51
796.075965	54
796.9139397	55
797.7519143999999	51
798.5898890999999	60
799.4278638	46
800.2658385	57
801.1038132	53
801.9417879	51
802.7797625999999	50
803.6177372999999	73
804.455712	55
805.2936867	58
806.1316614	58
806.9696361	41
807.8076107999999	60
808.6455854999999	48
809.4835601999999	49
810.3215349	48
811.1595096	66
811.9974843	53
812.835459	44
813.6734336999999	56
814.5114083999999	50
815.3493831	53
816.1873578	47
817.0253325	51
817.8633072	47
818.7012818999999	55
819.5392565999999	42
820.3772313	59
821.215206	43
822.0531807	55
822.8911554	48
823.7291300999999	56
824.5671047999999	53
825.4050794999999	57
826.2430542	41
827.0810289	67
827.9190036	52
828.7569783	50
829.5949529999999	46
830.4329276999999	66
831.2709024	49
832.1088771	44
832.9468518	54
833.7848265	43
834.6228011999999	65
835.4607758999999	59
836.2987506	55
837.1367253	47
837.9747	59
838.8126747	50
839.6506493999999	62
840.4886240999999	51
841.3265987999999	65
842.1645735	55
843.0025482	47
843.8405229	68
844.6784976	44
845.5164722999999	43
846.3544469999999	56
847.1924217	54
848.0303964	61
848.8683711	57
849.7063458	47
850.5443204999999	61
851.3822951999999	49
852.2202699	59
853.0582446	64
853.8962193	55
854.734194	37
855.5721686999999	58
856.4101433999999	62
857.2481180999999	60
858.0860928	48
858.9240675	55
859.7620422	55
860.6000169	55
861.4379915999999	47
862.2759662999999	45
863.113941	39
863.9519157	58
864.7898904	61
865.6278651	47
866.4658397999999	65
867.3038144999999	79
868.1417892	46
868.9797639	61
869.8177386	61
870.6557133	70
871.4936879999999	58
872.3316626999999	71
873.1696373999999	52
874.0076121	58
874.8455868	64
875.6835615	65
876.5215362	58
877.3595108999999	59
878.1974855999999	56
879.0354603	53
879.873435	45
880.7114097	63
881.5493844	56
882.3873590999999	59
883.2253337999999	45
884.0633085	59
884.9012832	47
885.7392579	49
886.5772326	70
887.4152072999999	65
888.2531819999999	60
889.0911566999999	57
889.9291314	55
890.7671061	65
891.6050808	59
892.4430555	57
893.2810301999999	69
894.1190048999999	66
894.9569796	51
895.7949543	57
896.632929	71
897.4709037	54
898.3088783999999	70
899.1468530999999	64
899.9848278	59
900.8228025	52
901.6607772	61
902.4987519	62
903.3367265999999	57
904.1747012999999	61
905.0126759999999	65
905.8506507	49
906.6886254	63
907.5266001	52
908.3645748	56
909.2025494999999	46
910.0405241999999	53
910.8784989	60
911.7164736	56
912.5544483	56
913.392423	48
914.2303976999999	55
915.0683723999999	53
915.9063471	57
916.7443218	54
917.5822965	57
918.4202712	56
919.2582458999999	47
920.0962205999999	44
920.9341952999999	48
921.77217	51
922.6101447	42
923.4481194	61
924.2860941	57
925.1240687999999	50
925.9620434999999	43
926.8000182	56
927.6379929	54
928.4759676	41
929.3139423	54
930.1519169999999	62
930.9898916999999	49
931.8278664	51
932.6658411	61
933.5038158	63
934.3417905	48
935.1797651999999	52
936.0177398999999	53
936.8557145999999	40
937.6936893	55
938.531664	45
939.3696387	50
940.2076133999999	51
941.0455880999999	48
941.8835627999999	51
942.7215375	41
943.5595122	58
944.3974869	48
945.2354616	33
946.0734362999999	63
946.9114109999999	46
947.7493857	48
948.5873604	49
949.4253351	51
950.2633098	45
951.1012844999999	55
951.9392591999999	41
952.7772338999999	41
953.6152086	41
954.4531833	30
955.291158	44
956.1291326999999	41
956.9671073999999	46
957.8050820999999	43
958.6430568	45
959.4810315	41
960.3190062	38
961.1569809	43
961.9949555999999	37
962.8329302999999	44
963.670905	40
964.5088797	41
965.3468544	51
966.1848291	47
967.0228037999999	42
967.8607784999999	44
968.6987531999999	46
969.5367279	42
970.3747026	45
971.2126773	49
972.0506519999999	47
972.8886266999999	45
973.7266013999999	36
974.5645761	35
975.4025508	45
976.2405255	36
977.0785002	40
977.9164748999999	33
978.7544495999999	42
979.5924243	41
980.430399	47
981.2683737	36
982.1063484	46
982.9443230999999	36
983.7822977999999	36
984.6202724999999	49
985.4582472	34
986.2962219	47
987.1341966	36
987.9721712999999	33
988.8101459999999	39
989.6481206999999	50
990.4860954	38
991.3240701	46
992.1620448	28
993.0000195	29
993.8379941999999	42
994.6759688999999	34
995.5139436	27
996.3519183	28
997.189893	37
998.0278677	45
998.8658423999999	33
999.7038170999999	36
1000.5417917999999	40
1001.3797665	42
1002.2177412	34
1003.0557159	37
1003.8936905999999	33
1004.7316652999999	23
1005.5696399999999	35
1006.4076147	29
1007.2455894	38
1008.0835641	42
1008.9215388	37
1009.7595134999999	44
1010.5974881999999	40
1011.4354629	48
1012.2734376	48
1013.1114123	34
1013.949387	35
1014.7873616999999	34
1015.6253363999999	35
1016.4633110999999	41
1017.3012858	36
1018.1392605	31
1018.9772352	34
1019.8152098999999	32
1020.6531845999999	43
1021.4911592999999	33
1022.329134	37
1023.1671087	35
1024.0050833999999	27
1024.8430581	32
1025.6810328	38
1026.5190075	38
1027.3569822	43
1028.1949568999999	27
1029.0329316	33
1029.8709063	35
1030.708881	32
1031.5468557	37
1032.3848304	39
1033.2228051	37
1034.0607797999999	35
1034.8987545	35
1035.7367292	31
1036.5747039	42
1037.4126786	38
1038.2506532999998	37
1039.088628	35
1039.9266026999999	36
1040.7645774	34
1041.6025521	31
1042.4405268	31
1043.2785015	33
1044.1164761999999	33
1044.9544509	38
1045.7924256	38
1046.6304003	42
1047.468375	31
1048.3063497	42
1049.1443244	34
1049.9822990999999	31
1050.8202738	45
1051.6582485	29
1052.4962232	40
1053.3341979	31
1054.1721725999998	36
1055.0101473	34
1055.8481219999999	41
1056.6860967	40
1057.5240714	31
1058.3620461	41
1059.2000208	32
1060.0379954999999	44
1060.8759702	27
1061.7139449	43
1062.5519196	44
1063.3898943	43
1064.227869	37
1065.0658437	37
1065.9038183999999	38
1066.7417931	43
1067.5797678	34
1068.4177425	30
1069.2557172	49
1070.0936918999998	39
1070.9316666	33
1071.7696412999999	35
1072.607616	23
1073.4455907	45
1074.2835654	42
1075.1215401	41
1075.9595147999999	32
1076.7974895	41
1077.6354642	42
1078.4734389	53
1079.3114136	44
1080.1493883	47
1080.987363	44
1081.8253376999999	38
1082.6633124	54
1083.5012871	42
1084.3392618	42
1085.1772365	48
1086.0152111999998	43
1086.8531859	45
1087.6911605999999	42
1088.5291353	42
1089.36711	39
1090.2050847	44
1091.0430594	47
1091.8810340999999	48
1092.7190088	52
1093.5569835	50
1094.3949582	52
1095.2329329	53
1096.0709076	50
1096.9088823	65
1097.7468569999999	42
1098.5848317	53
1099.4228064	61
1100.2607811	56
1101.0987558	52
1101.9367304999998	43
1102.7747052	52
1103.6126798999999	53
1104.4506546	50
1105.2886293	56
1106.126604	70
1106.9645787	62
1107.8025533999999	46
1108.6405281	52
1109.4785028	49
1110.3164775	48
1111.1544522	52
1111.9924269	59
1112.8304016	63
1113.6683762999999	56
1114.506351	67
1115.3443257	53
1116.1823004	60
1117.0202751	71
1117.8582497999998	61
1118.6962245	60
1119.5341991999999	62
1120.3721739	71
1121.2101486	55
1122.0481233	64
1122.886098	61
1123.7240726999999	68
1124.5620474	68
1125.4000221	50
1126.2379968	61
1127.0759715	77
1127.9139462	69
1128.7519209	71
1129.5898955999999	78
1130.4278703	70
1131.265845	55
1132.1038197	77
1132.9417944	77
1133.7797690999998	70
1134.6177438	68
1135.4557184999999	73
1136.2936932	77
1137.1316679	71
1137.9696426	75
1138.8076173	67
1139.6455919999999	74
1140.4835667	70
1141.3215414	62
1142.1595161	74
1142.9974908	66
1143.8354655	77
1144.6734402	70
1145.5114148999999	88
1146.3493896	72
1147.1873643	79
1148.025339	86
1148.8633137	72
1149.7012883999998	64
1150.5392631	65
1151.3772377999999	87
1152.2152125	66
1153.0531872	83
1153.8911619	71
1154.7291366	67
1155.5671112999999	70
1156.405086	65
1157.2430607	88
1158.0810354	81
1158.9190101	78
1159.7569848	79
1160.5949595	60
1161.4329341999999	63
1162.2709089	69
1163.1088836	81
1163.9468583	73
1164.784833	79
1165.6228076999998	77
1166.4607824	73
1167.2987570999999	85
1168.1367318	98
1168.9747065	56
1169.8126812	66
1170.6506559	74
1171.4886305999999	81
1172.3266053	87
1173.16458	74
1174.0025547	72
1174.8405294	77
1175.6785041	79
1176.5164788	68
1177.3544534999999	68
1178.1924282	65
1179.0304029	75
1179.8683776	64
1180.7063523	68
1181.5443269999998	71
1182.3823017	75
1183.2202763999999	74
1184.0582511	72
1184.8962258	66
1185.7342005	79
1186.5721752	77
1187.4101498999999	89
1188.2481246	68
1189.0860993	71
1189.924074	73
1190.7620487	85
1191.6000234	78
1192.4379981	39
1193.2759727999999	67
1194.1139475	64
1194.9519222	61
1195.7898969	56
1196.6278716	75
1197.4658462999998	67
1198.303821	76
1199.1417956999999	57
1199.9797704	69
1200.8177451	65
1201.6557198	62
1202.4936945	52
1203.3316691999999	47
1204.1696439	49
1205.0076186	61
1205.8455933	67
1206.683568	58
1207.5215427	51
1208.3595174	48
1209.1974920999999	51
1210.0354668	55
1210.8734415	55
1211.7114162	37
1212.5493909	56
1213.3873655999998	41
1214.2253403	54
1215.0633149999999	44
1215.9012897	44
1216.7392644	45
1217.5772391	37
1218.4152138	51
1219.2531884999999	50
1220.0911632	43
1220.9291379	56
1221.7671126	38
1222.6050873	54
1223.443062	47
1224.2810367	34
1225.1190113999999	37
1225.9569861	35
1226.7949608	43
1227.6329355	48
1228.4709102	37
1229.3088848999998	43
1230.1468596	38
1230.9848342999999	45
1231.822809	43
1232.6607837	31
1233.4987584	32
1234.3367331	35
1235.1747077999999	40
1236.0126825	47
1236.8506572	38
1237.6886319	28
1238.5266066	34
1239.3645813	29
1240.202556	48
1241.0405306999999	32
1241.8785054	39
1242.7164801	40
1243.5544548	24
1244.3924295	43
1245.2304041999998	39
1246.0683789	39
1246.9063535999999	29
1247.7443283	33
1248.582303	33
1249.4202777	26
1250.2582524	42
1251.0962270999999	31
1251.9342018	47
1252.7721765	38
1253.6101512	33
1254.4481259	45
1255.2861006	43
1256.1240753	33
1256.9620499999999	34
1257.8000247	33
1258.6379994	37
1259.4759741	41
1260.3139488	47
1261.1519234999998	34
1261.9898982	42
1262.8278728999999	43
1263.6658476	38
1264.5038223	43
1265.341797	43
1266.1797717	46
1267.0177463999999	48
1267.8557211	39
1268.6936958	39
1269.5316705	44
1270.3696452	38
1271.2076199	39
1272.0455946	55
1272.8835692999999	52
1273.721544	44
1274.5595187	40
1275.3974934	37
1276.2354681	38
1277.0734427999998	54
1277.9114175	45
1278.7493921999999	46
1279.5873669	52
1280.4253416	42
1281.2633163	47
1282.101291	43
1282.9392656999999	39
1283.7772404	47
1284.6152151	43
1285.4531898	53
1286.2911645	36
1287.1291391999998	55
1287.9671139	52
1288.8050885999999	51
1289.6430633	51
1290.481038	43
1291.3190127	42
1292.1569874	52
1292.9949620999998	60
1293.8329368	48
1294.6709114999999	44
1295.5088862	40
1296.3468609	58
1297.1848356	43
1298.0228103	45
1298.8607849999999	51
1299.6987597	57
1300.5367344	50
1301.3747091	50
1302.2126838	43
1303.0506584999998	54
1303.8886332	67
1304.7266078999999	44
1305.5645826	61
1306.4025573	42
1307.240532	50
1308.0785067	49
1308.9164813999998	48
1309.7544561	62
1310.5924307999999	55
1311.4304055	64
1312.2683802	49
1313.1063549	64
1313.9443296	60
1314.7823042999999	59
1315.620279	57
1316.4582537	58
1317.2962284	53
1318.1342031	40
1318.9721777999998	57
1319.8101525	60
1320.6481271999999	57
1321.4861019	60
1322.3240766	48
1323.1620513	66
1324.000026	60
1324.8380006999998	46
1325.6759754	67
1326.5139500999999	66
1327.3519248	54
1328.1898995	53
1329.0278742	59
1329.8658489	51
1330.7038235999999	61
1331.5417983	59
1332.379773	49
1333.2177477	57
1334.0557224	50
1334.8936970999998	48
1335.7316718	58
1336.5696464999999	40
1337.4076212	59
1338.2455959	65
1339.0835706	49
1339.9215453	57
1340.7595199999998	60
1341.5974947	55
1342.4354693999999	43
1343.2734441	53
1344.1114188	50
1344.9493935	49
1345.7873682	44
1346.6253428999999	36
1347.4633176	43
1348.3012923	42
1349.139267	52
1349.9772417	55
1350.8152163999998	53
1351.6531911	47
1352.4911657999999	54
1353.3291405	46
1354.1671152	39
1355.0050899	33
1355.8430646	53
1356.6810392999998	45
1357.519014	34
1358.3569886999999	37
1359.1949634	32
1360.0329381	41
1360.8709128	29
1361.7088875	38
1362.5468621999999	34
1363.3848369	43
1364.2228115999999	32
1365.0607863	40
1365.898761	30
1366.7367356999998	29
1367.5747104	27
1368.4126850999999	35
1369.2506598	30
1370.0886345	29
1370.9266092	33
1371.7645839	43
1372.6025585999998	36
1373.4405333	33
1374.2785079999999	24
1375.1164827	25
1375.9544574	29
1376.7924321	29
1377.6304068	16
1378.4683814999999	28
1379.3063562	25
1380.1443308999999	29
1380.9823056	19
1381.8202803	23
1382.6582549999998	19
1383.4962297	18
1384.3342043999999	21
1385.1721791	22
1386.0101538	21
1386.8481285	14
1387.6861032	21
1388.5240778999998	24
1389.3620526	16
1390.2000272999999	15
1391.038002	17
1391.8759767	14
1392.7139514	18
1393.5519261	13
1394.3899007999999	11
1395.2278755	16
1396.0658501999999	21
1396.9038249	11
1397.7417996	14
1398.5797742999998	5
1399.417749	15
1400.2557236999999	6
1401.0936984	13
1401.9316731	11
1402.7696478	12
1403.6076225	14
1404.4455971999998	11
1405.2835719	13
1406.1215465999999	8
1406.9595213	18
1407.797496	3
1408.6354707	17
1409.4734454	8
1410.3114200999999	11
1411.1493948	9
1411.9873694999999	13
1412.8253442	5
1413.6633189	8
1414.5012935999998	2
1415.3392683	7
1416.1772429999999	13
1417.0152177	6
1417.8531924	11
1418.6911671	5
1419.5291418	6
1420.3671164999998	4
1421.2050912	9
1422.0430658999999	6
1422.8810406	5
1423.7190153	5
1424.55699	6
1425.3949647	3
1426.2329393999999	2
1427.0709141	0
1427.9088887999999	3
1428.7468635	5
1429.5848382	7
1430.4228128999998	3
1431.2607876	3
1432.0987622999999	9
1432.936737	3
1433.7747117	1
1434.6126864	5
1435.4506611	4
1436.2886357999998	5
1437.1266105	2
1437.9645851999999	2
1438.8025599	4
1439.6405346	3
1440.4785093	1
1441.316484	1
1442.1544586999999	4
1442.9924334	3
1443.8304080999999	5
1444.6683828	5
1445.5063575	1
1446.3443321999998	4
1447.1823069	6
1448.0202815999999	1
1448.8582563	4
1449.696231	5
1450.5342057	1
1451.3721804	0
1452.2101550999998	4
1453.0481298	1
1453.8861044999999	4
1454.7240792	1
1455.5620539	2
1456.4000286	6
1457.2380033	3
1458.0759779999998	7
1458.9139527	3
1459.7519273999999	3
1460.5899021	4
1461.4278768	2
1462.2658514999998	3
1463.1038262	2
1463.9418008999999	1
1464.7797756	1
1465.6177503	1
1466.455725	2
1467.2936997	1
1468.1316743999998	1
1468.9696491	1
1469.8076237999999	1
1470.6455985	3
1471.4835732	1
1472.3215479	3
1473.1595226	1
1473.9974972999998	2
1474.835472	4
1475.6734466999999	2
1476.5114214	1
1477.3493961	1
1478.1873707999998	1
1479.0253455	1
1479.8633201999999	2
1480.7012949	4
1481.5392696	7
1482.3772443	5
1483.215219	0
1484.0531936999998	3
1484.8911684	7
1485.7291430999999	1
1486.5671178	3
1487.4050925	2
1488.2430672	6
1489.0810419	3
1489.9190165999998	7
1490.7569913	2
1491.5949659999999	2
1492.4329407	2
1493.2709154	5
1494.1088900999998	5
1494.9468648	5
1495.7848394999999	2
1496.6228142	2
1497.4607889	3
1498.2987636	1
1499.1367383	1
1499.9747129999998	2
1500.8126877	0
1501.6506623999999	1
1502.4886371	3
1503.3266118	3
1504.1645865	1
1505.0025612	5
1505.8405358999998	2
1506.6785106	4
1507.5164852999999	2
1508.35446	5
1509.1924347	0
1510.0304093999998	2
1510.8683841	3
1511.7063587999999	2
1512.5443335	3
1513.3823082	2
1514.2202829	2
1515.0582576	6
1515.8962322999998	2
1516.734207	3
1517.5721816999999	2
1518.4101564	0
1519.2481311	1
1520.0861058	1
1520.9240805	1
1521.7620551999998	1
1522.6000299	0
1523.4380045999999	4
1524.2759793	5
1525.113954	4
1525.9519286999998	1
1526.7899034	3
1527.6278780999999	0
1528.4658528	0
1529.3038275	4
1530.1418022	2
1530.9797769	2
1531.8177515999998	2
1532.6557263	2
1533.4937009999999	0
1534.3316757	0
1535.1696504	4
1536.0076251	4
1536.8455998	2
1537.6835744999998	0
1538.5215492	3
1539.3595238999999	2
1540.1974986	4
1541.0354733	2
1541.8734479999998	4
1542.7114227	2
1543.5493973999999	1
1544.3873721	1
1545.2253468	1
1546.0633215	5
1546.9012962	3
1547.7392708999998	3
1548.5772456	4
1549.4152202999999	1
1550.253195	2
1551.0911697	4
1551.9291444	2
1552.7671191	0
1553.6050937999998	2
1554.4430685	2
1555.2810431999999	3
1556.1190179	1
1556.9569926	0
1557.7949672999998	3
1558.632942	4
1559.4709166999999	1
1560.3088914	1
1561.1468661	1
1561.9848408	2
1562.8228155	0
1563.6607901999998	3
1564.4987649	0
1565.3367395999999	2
1566.1747143	0
1567.012689	0
1567.8506637	0
1568.6886384	0
1569.5266130999998	0
1570.3645878	0
1571.2025624999999	0
1572.0405372	0
1572.8785119	0
1573.7164865999998	0
1574.5544613	0
1575.3924359999999	0
1576.2304107	0
1577.0683854	0
1577.9063601	0
1578.7443348	0
1579.5823094999998	0
1580.4202842	0
1581.2582588999999	0
1582.0962336	0
1582.9342083	0
1583.7721829999998	0
1584.6101577	0
1585.4481323999998	0
1586.2861071	0
1587.1240817999999	0
1587.9620565	0
1588.8000312	0
1589.6380058999998	0
1590.4759806	0
1591.3139552999999	0
1592.15193	0
1592.9899047	0
1593.8278794	0
1594.6658541	0
1595.5038287999998	0
1596.3418035	0
1597.1797781999999	0
1598.0177529	0
1598.8557276	0
1599.6937022999998	0
1600.531677	0
1601.3696516999998	0
1602.2076264	0
1603.0456010999999	0
1603.8835758	0
1604.7215505	0
1605.5595251999998	0
1606.3974999	0
1607.2354745999999	0
1608.0734493	0
1608.911424	0
1609.7493987	1
1610.5873734	0
1611.4253480999998	0
1612.2633228	0
1613.1012974999999	0
1613.9392722	0
1614.7772469	0
1615.6152215999998	0
1616.4531963	0
1617.2911709999998	0
1618.1291457	0
1618.9671203999999	0
1619.8050951	0
1620.6430698	0
1621.4810444999998	0
1622.3190192	0
1623.1569938999999	0
1623.9949686	0
1624.8329433	0
1625.670918	0
1626.5088927	0
1627.3468673999998	0
1628.1848421	0
1629.0228167999999	0
1629.8607915	0
1630.6987662	0
1631.5367408999998	0
1632.3747156	0
1633.2126902999998	0
1634.050665	0
1634.8886396999999	0
1635.7266144	0
1636.5645891	0
1637.4025637999998	0
1638.2405385	0
1639.0785131999999	0
1639.9164879	0
1640.7544626	0
1641.5924373	0
1642.430412	0
1643.2683866999998	0
1644.1063614	0
1644.9443360999999	0
1645.7823108	0
1646.6202855	0
1647.4582601999998	0
1648.2962349	0
1649.1342095999998	0
1649.9721843	0
1650.8101589999999	0
1651.6481337	0
1652.4861084	0
1653.3240830999998	0
1654.1620578	0
1655.0000324999999	0
1655.8380072	0
1656.6759819	0
1657.5139566	0
1658.3519313	0
1659.1899059999998	0
1660.0278807	0
1660.8658553999999	0
1661.7038301	0
1662.5418048	0
1663.3797794999998	0
1664.2177542	0
1665.0557288999998	0
1665.8937036	0
1666.7316782999999	0
1667.569653	0
1668.4076277	0
1669.2456023999998	0
1670.0835771	0
1670.9215517999999	0
1671.7595265	0
1672.5975012	0
1673.4354759	0
1674.2734506	0
1675.1114252999998	0
1675.9494	0
1676.7873746999999	0
1677.6253494	0
1678.4633241	0
1679.3012987999998	0
1680.1392735	0
1680.9772481999998	0
1681.8152229	0
1682.6531975999999	0
1683.4911723	0
1684.329147	0
1685.1671216999998	0
1686.0050964	0
1686.8430710999999	0
1687.6810458	0
1688.5190205	0
1689.3569952	0
1690.1949699	0
1691.0329445999998	0
1691.8709193	0
1692.7088939999999	0
1693.5468687	0
1694.3848434	0
1695.2228180999998	0
1696.0607928	0
1696.8987674999998	0
1697.7367422	0
1698.5747168999999	0
1699.4126916	0
1700.2506663	0
1701.0886409999998	0
1701.9266157	0
1702.7645903999999	0
1703.6025651	0
1704.4405398	0
1705.2785145	0
1706.1164892	0
1706.9544638999998	0
1707.7924386	0
1708.6304132999999	0
1709.468388	0
1710.3063627	0
1711.1443373999998	0
1711.9823121	0
1712.8202867999998	0
1713.6582615	0
1714.4962361999999	0
1715.3342109	0
1716.1721856	0
1717.0101602999998	0
1717.848135	0
