ACQUISITION INFORMATION

Detector ID:  1
Detector description:
COS12ZBPR3 Easy-MCA-2k SN 16145344
Sample description:
Background
Real Time:  60.019999
Live Time:  58.119999
Acquisition start date:  20Feb2024
Acquisition start time:  12:36:20
Starting channel number:   0
Number of channels:   2048


CALIBRATION INFORMATION

ENERGY CALIBRATION
Units:
Energy Fit:  0.000000E+000  8.379747E-001  0.000000E+000
FWHM Fit:  0.000000E+000  0.000000E+000  0.000000E+000
Efficiency Terms:  0.000000  0.000000  0.000000  0.000000  0.000000
  0.000000  0.000000  0.000000  0.000000  0.000000


SPECTRUM
     0:          0          0          6          5          6
     5:        109        308        249        240        253
    10:        236        232        224        225        211
    15:        205        239        231        244        273
    20:        276        295        309        367        450
    25:        583        696       1004       1386       2100
    30:       3121       4323       6211       7917       9825
    35:      11747      12863      13606      13489      12562
    40:      11150       9313       7514       5993       4508
    45:       3261       2334       1681       1226        864
    50:        682        578        439        407        398
    55:        371        406        432        460        485
    60:        518        561        645        632        699
    65:        703        699        725        735        718
    70:        710        735        749        781        753
    75:        790        786        838        917        895
    80:       1015        991       1013        931        942
    85:        913        928        915        857        860
    90:        889        960       1056       1147       1336
    95:       1482       1758       1969       2210       2521
   100:       2825       3048       3252       3580       3588
   105:       3689       3740       3635       3436       3382
   110:       3110       2699       2469       2200       1885
   115:       1555       1344       1112        893        696
   120:        625        516        397        347        333
   125:        290        273        273        278        246
   130:        221        258        264        249        282
   135:        328        325        324        335        351
   140:        407        416        448        524        505
   145:        521        561        588        538        594
   150:        525        531        514        494        548
   155:        461        450        436        393        391
   160:        327        282        303        267        263
   165:        240        224        227        203        220
   170:        218        213        223        221        205
   175:        228        210        233        253        225
   180:        234        226        260        265        231
   185:        227        239        236        236        283
   190:        253        253        240        277        267
   195:        291        280        289        263        304
   200:        287        318        297        271        261
   205:        299        251        285        263        271
   210:        289        285        258        274        272
   215:        249        285        278        243        273
   220:        264        264        274        234        233
   225:        206        233        249        224        202
   230:        214        215        248        198        230
   235:        214        211        220        220        217
   240:        234        190        184        187        181
   245:        201        191        176        220        169
   250:        193        179        190        210        161
   255:        164        176        164        170        186
   260:        191        160        152        174        153
   265:        149        141        130        130        152
   270:        136        146        124        134        162
   275:        133        167        128        131        133
   280:        118        139        129        142        126
   285:        141        134        134        143        139
   290:        127        107        104        117        125
   295:        119        118        118        106        119
   300:        133         96        117        125        118
   305:        124        129        130        129        118
   310:        125        136        137        143        149
   315:        146        151        149        160        155
   320:        165        171        169        185        176
   325:        216        182        221        219        228
   330:        230        235        234        232        262
   335:        255        265        271        280        298
   340:        303        287        281        328        295
   345:        348        307        339        326        356
   350:        348        403        402        361        347
   355:        385        430        378        433        376
   360:        413        444        425        471        380
   365:        435        439        456        433        491
   370:        455        459        483        421        507
   375:        440        470        451        478        460
   380:        463        422        467        491        457
   385:        376        399        447        441        463
   390:        441        471        443        445        442
   395:        455        440        483        474        464
   400:        500        462        487        513        490
   405:        518        502        534        582        564
   410:        664        631        614        676        713
   415:        698        719        733        756        740
   420:        823        742        775        781        820
   425:        859        926        890        889        957
   430:        996        993        907        941        920
   435:        973       1019       1005       1012        966
   440:        947        965        935        985        980
   445:        937        914        945        909        928
   450:        900        922        828        853        832
   455:        854        839        829        826        813
   460:        804        721        701        645        639
   465:        660        600        573        605        548
   470:        542        553        545        534        489
   475:        479        496        466        445        396
   480:        401        407        376        376        413
   485:        372        365        343        329        372
   490:        347        286        289        295        276
   495:        256        233        247        223        230
   500:        257        235        234        201        225
   505:        217        197        183        181        161
   510:        167        156        147        144        149
   515:        156        150        143        117        145
   520:        137        120        122        103        117
   525:        123        118        123        125        116
   530:        103        106        122        105        134
   535:         98        123        115        100        106
   540:        115        103        106         99        101
   545:        102         86        102        119        102
   550:        105         94         90        103         84
   555:         91         79         82         96         82
   560:         91         98         74         75         64
   565:         77         58         60         57         63
   570:         63         55         55         56         50
   575:         36         42         54         42         48
   580:         38         45         25         35         31
   585:         31         29         23         28         20
   590:         27         28         19         22         26
   595:         19         15         14         11         11
   600:         20         11         11         10         11
   605:         14         11          6          7          4
   610:          6          7         13          5          2
   615:          5          4          5          5          4
   620:          2          1          7          5          4
   625:          7          2          1          2          3
   630:          5          3          2          4          4
   635:          1          3          2          1          2
   640:          3          5          0          2          1
   645:          4          1          2          1          0
   650:          0          0          2          2          1
   655:          1          0          1          0          1
   660:          1          0          1          0          4
   665:          2          0          0          0          1
   670:          0          1          0          0          0
   675:          1          1          2          0          0
   680:          0          3          1          0          0
   685:          0          0          0          1          0
   690:          1          0          1          0          1
   695:          0          0          1          0          0
   700:          0          0          0          1          0
   705:          1          1          0          0          0
   710:          0          0          0          1          3
   715:          2          0          0          1          0
   720:          1          2          0          1          0
   725:          1          0          1          1          1
   730:          0          1          0          4          0
   735:          1          1          1          0          0
   740:          1          0          1          0          0
   745:          0          2          1          3          1
   750:          0          2          0          0          1
   755:          0          0          2          1          1
   760:          0          1          0          1          1
   765:          0          0          1          0          0
   770:          0          0          3          0          1
   775:          0          1          1          2          1
   780:          1          0          1          0          0
   785:          1          0          0          0          2
   790:          1          1          2          2          0
   795:          0          2          0          0          2
   800:          0          1          1          0          0
   805:          0          0          0          0          1
   810:          1          0          0          2          0
   815:          0          1          0          0          1
   820:          0          0          0          1          0
   825:          1          0          0          1          0
   830:          0          0          0          0          2
   835:          0          0          0          1          0
   840:          0          0          0          0          1
   845:          2          0          0          0          0
   850:          1          1          0          0          0
   855:          1          0          0          0          1
   860:          0          2          0          0          0
   865:          1          0          0          1          2
   870:          0          3          1          0          0
   875:          0          2          1          0          1
   880:          0          1          2          1          0
   885:          1          0          0          1          0
   890:          0          1          0          1          0
   895:          1          0          1          0          2
   900:          0          1          0          1          1
   905:          1          0          0          0          0
   910:          0          0          0          0          0
   915:          0          0          1          0          0
   920:          1          0          0          1          0
   925:          0          0          0          0          0
   930:          0          0          0          2          0
   935:          0          0          1          0          0
   940:          0          0          0          0          0
   945:          0          0          0          0          0
   950:          1          0          0          1          1
   955:          0          1          0          0          0
   960:          0          0          0          1          0
   965:          0          0          0          0          1
   970:          0          0          0          0          0
   975:          0          0          0          0          0
   980:          1          0          1          0          1
   985:          0          0          0          0          0
   990:          0          0          0          0          0
   995:          0          0          1          0          0
  1000:          0          0          0          0          0
  1005:          0          0          0          0          0
  1010:          0          0          0          0          1
  1015:          0          0          0          0          0
  1020:          0          0          0          0          0
  1025:          0          0          0          0          0
  1030:          0          0          0          0          0
  1035:          0          0          0          0          1
  1040:          0          0          0          0          0
  1045:          0          1          0          0          0
  1050:          0          0          1          0          0
  1055:          0          0          1          0          0
  1060:          0          0          0          0          0
  1065:          0          0          1          0          0
  1070:          0          0          0          0          1
  1075:          0          0          0          0          0
  1080:          1          0          0          0          0
  1085:          0          0          0          0          0
  1090:          0          0          0          0          0
  1095:          0          0          0          0          0
  1100:          0          0          0          0          0
  1105:          0          0          0          0          0
  1110:          0          0          1          0          0
  1115:          0          0          0          0          0
  1120:          0          0          0          0          0
  1125:          0          0          0          0          0
  1130:          0          0          0          0          0
  1135:          0          1          0          0          0
  1140:          0          0          0          0          0
  1145:          0          0          0          0          0
  1150:          0          0          0          0          0
  1155:          0          0          1          0          0
  1160:          1          0          0          0          0
  1165:          0          0          0          0          0
  1170:          0          0          0          0          0
  1175:          0          0          0          0          0
  1180:          0          0          1          0          0
  1185:          0          0          0          0          0
  1190:          0          0          0          0          0
  1195:          0          0          0          0          0
  1200:          0          0          0          0          0
  1205:          0          0          0          0          0
  1210:          0          0          0          0          0
  1215:          0          0          0          0          0
  1220:          0          0          0          0          0
  1225:          0          0          0          0          0
  1230:          0          0          0          0          0
  1235:          0          0          0          0          0
  1240:          0          0          0          0          1
  1245:          0          0          0          0          0
  1250:          0          0          0          0          0
  1255:          0          0          0          0          0
  1260:          0          0          1          0          0
  1265:          0          0          0          0          0
  1270:          0          0          0          0          0
  1275:          0          0          0          0          0
  1280:          0          1          0          0          0
  1285:          0          0          0          0          0
  1290:          0          0          0          0          0
  1295:          0          0          0          0          0
  1300:          0          0          0          0          0
  1305:          0          0          0          0          0
  1310:          0          0          0          0          0
  1315:          0          0          0          0          0
  1320:          0          0          0          0          0
  1325:          0          0          0          0          0
  1330:          0          0          0          0          0
  1335:          0          0          0          0          0
  1340:          0          0          0          0          0
  1345:          0          0          0          0          0
  1350:          0          0          0          0          0
  1355:          0          1          0          0          0
  1360:          0          0          0          0          0
  1365:          0          0          0          1          0
  1370:          0          0          0          0          0
  1375:          0          0          0          0          0
  1380:          0          0          0          0          0
  1385:          0          0          0          0          0
  1390:          0          0          0          0          0
  1395:          0          0          0          0          0
  1400:          0          0          0          0          0
  1405:          0          0          0          0          0
  1410:          0          0          0          0          0
  1415:          0          0          0          0          0
  1420:          0          0          0          0          0
  1425:          0          0          0          0          0
  1430:          0          0          0          0          0
  1435:          0          0          0          0          0
  1440:          0          0          0          0          0
  1445:          0          0          1          1          0
  1450:          1          0          0          0          0
  1455:          0          0          0          0          0
  1460:          0          0          0          0          0
  1465:          0          0          0          0          0
  1470:          0          0          0          0          0
  1475:          0          0          0          0          0
  1480:          0          1          0          0          0
  1485:          0          0          0          0          0
  1490:          0          0          0          0          0
  1495:          1          0          0          0          0
  1500:          0          0          0          0          0
  1505:          0          0          0          0          0
  1510:          0          0          0          0          0
  1515:          0          0          0          0          0
  1520:          0          0          0          0          0
  1525:          0          0          0          0          0
  1530:          0          0          0          0          0
  1535:          0          0          0          0          0
  1540:          0          0          0          0          0
  1545:          0          0          0          0          0
  1550:          0          0          0          0          0
  1555:          0          0          0          0          0
  1560:          0          0          0          0          0
  1565:          0          0          0          0          0
  1570:          0          0          2          0          0
  1575:          0          0          0          0          0
  1580:          0          0          0          0          0
  1585:          0          0          0          0          0
  1590:          0          0          0          0          0
  1595:          0          0          0          0          0
  1600:          1          0          0          0          0
  1605:          0          0          2          0          0
  1610:          0          0          0          0          0
  1615:          1          0          0          0          0
  1620:          0          0          0          0          0
  1625:          0          0          0          0          0
  1630:          0          0          0          0          0
  1635:          2          0          0          0          0
  1640:          0          0          0          0          0
  1645:          0          0          0          0          0
  1650:          0          0          0          0          0
  1655:          0          0          0          0          0
  1660:          0          0          0          0          0
  1665:          0          0          0          0          0
  1670:          0          0          0          0          0
  1675:          0          0          0          0          0
  1680:          0          0          0          0          1
  1685:          0          0          0          0          0
  1690:          0          0          0          0          0
  1695:          0          0          0          0          0
  1700:          0          0          0          0          0
  1705:          0          0          0          0          0
  1710:          0          0          0          0          0
  1715:          0          0          0          0          0
  1720:          0          0          0          0          0
  1725:          0          0          0          0          0
  1730:          0          0          0          0          0
  1735:          0          0          0          0          0
  1740:          0          0          0          0          0
  1745:          0          0          0          0          0
  1750:          0          0          0          0          0
  1755:          0          0          0          0          0
  1760:          0          0          0          0          0
  1765:          0          0          0          0          0
  1770:          0          0          0          0          0
  1775:          0          0          0          0          0
  1780:          0          0          0          0          0
  1785:          0          0          0          0          0
  1790:          0          0          1          0          0
  1795:          0          0          0          0          0
  1800:          0          0          0          0          0
  1805:          0          0          0          0          0
  1810:          0          0          0          0          0
  1815:          0          0          0          0          0
  1820:          0          0          0          0          0
  1825:          0          0          0          0          0
  1830:          0          0          0          0          0
  1835:          0          0          0          0          0
  1840:          0          0          0          0          0
  1845:          0          0          0          0          0
  1850:          0          0          0          0          0
  1855:          0          0          0          0          0
  1860:          0          0          0          0          0
  1865:          0          0          0          0          0
  1870:          0          0          0          0          0
  1875:          0          0          0          0          0
  1880:          0          0          0          0          0
  1885:          0          0          0          0          0
  1890:          0          0          0          0          0
  1895:          0          0          0          0          0
  1900:          0          0          0          0          0
  1905:          0          0          0          0          0
  1910:          0          0          0          0          0
  1915:          0          0          0          0          0
  1920:          0          0          0          0          0
  1925:          0          0          0          0          0
  1930:          0          0          0          0          0
  1935:          0          0          0          0          0
  1940:          0          0          0          0          0
  1945:          0          0          0          0          0
  1950:          0          0          0          0          0
  1955:          0          0          0          0          0
  1960:          0          0          0          0          0
  1965:          0          0          0          0          0
  1970:          0          0          0          0          0
  1975:          0          0          0          0          0
  1980:          0          0          0          0          0
  1985:          0          0          0          0          0
  1990:          0          0          0          0          0
  1995:          0          0          0          0          0
  2000:          0          0          0          0          0
  2005:          0          0          0          0          0
  2010:          0          0          0          0          0
  2015:          0          0          0          0          0
  2020:          0          0          0          0          0
  2025:          0          0          0          0          0
  2030:          0          0          0          0          0
  2035:          0          0          0          0          0
  2040:          0          0          0          0          0
  2045:          0          0          0
