ACQUISITION INFORMATION

Detector ID:  1
Detector description:
COS12ZBPR3 Easy-MCA-2k SN 16145344
Sample description:
Background
Real Time:  153.559997
Live Time:  148.679997
Acquisition start date:  20Feb2024
Acquisition start time:  12:25:05
Starting channel number:   0
Number of channels:   2048


CALIBRATION INFORMATION

ENERGY CALIBRATION
Units:
Energy Fit:  0.000000E+000  8.379747E-001  0.000000E+000
FWHM Fit:  0.000000E+000  0.000000E+000  0.000000E+000
Efficiency Terms:  0.000000  0.000000  0.000000  0.000000  0.000000
  0.000000  0.000000  0.000000  0.000000  0.000000


SPECTRUM
     0:          0          0          9          7         14
     5:        251        809        673        629        627
    10:        561        595        597        552        589
    15:        596        652        615        646        660
    20:        705        741        822        997       1170
    25:       1464       1830       2525       3753       5489
    30:       8078      11273      15566      20591      25574
    35:      29823      33162      35180      34352      32059
    40:      28361      23666      19377      14880      11261
    45:       8285       6060       4412       3091       2349
    50:       1778       1326       1183       1017        976
    55:       1011       1091       1145       1193       1291
    60:       1392       1503       1675       1752       1776
    65:       1884       1941       1979       1899       1876
    70:       1816       1854       1850       1890       2010
    75:       1973       2140       2183       2285       2432
    80:       2472       2444       2542       2411       2399
    85:       2322       2243       2169       2255       2191
    90:       2308       2401       2635       3053       3431
    95:       3910       4376       4999       5802       6610
   100:       7178       7954       8546       8950       9358
   105:       9604       9636       9114       8856       8428
   110:       7696       7033       6066       5353       4551
   115:       3837       3200       2674       2254       1926
   120:       1471       1227       1054        876        805
   125:        755        702        656        695        658
   130:        672        687        697        701        744
   135:        820        807        908        901       1023
   140:       1001       1079       1254       1219       1303
   145:       1380       1436       1371       1504       1477
   150:       1466       1509       1439       1240       1241
   155:       1201       1120       1073        991        875
   160:        877        749        681        716        670
   165:        652        593        585        565        581
   170:        536        480        554        531        542
   175:        538        533        526        628        589
   180:        586        651        609        598        627
   185:        690        648        628        651        670
   190:        674        680        699        732        690
   195:        689        734        716        754        722
   200:        711        741        676        747        701
   205:        730        737        708        735        666
   210:        719        715        673        709        703
   215:        633        648        661        635        599
   220:        620        584        632        640        572
   225:        545        569        610        580        538
   230:        555        569        556        561        514
   235:        524        557        553        525        553
   240:        572        511        520        483        519
   245:        478        534        485        532        526
   250:        471        473        483        483        444
   255:        444        460        416        479        412
   260:        384        416        412        370        393
   265:        402        406        370        420        405
   270:        359        376        360        342        378
   275:        369        357        358        339        335
   280:        362        365        335        337        326
   285:        362        353        300        293        340
   290:        309        315        349        311        317
   295:        308        266        328        307        287
   300:        309        301        314        328        309
   305:        338        286        336        332        322
   310:        313        370        332        365        362
   315:        374        402        404        403        424
   320:        444        439        438        412        502
   325:        518        523        530        547        553
   330:        575        612        594        667        661
   335:        669        703        686        737        730
   340:        759        807        777        785        836
   345:        821        885        901        870        896
   350:        867        985        969       1026       1049
   355:       1023       1018       1105       1036       1081
   360:       1079       1153       1137       1190       1086
   365:       1220       1154       1122       1173       1174
   370:       1178       1150       1199       1188       1195
   375:       1136       1141       1158       1198       1126
   380:       1192       1155       1126       1148       1135
   385:       1146       1125       1174       1126       1130
   390:       1119       1124       1156       1109       1168
   395:       1178       1119       1191       1253       1214
   400:       1253       1223       1258       1326       1371
   405:       1406       1467       1412       1506       1528
   410:       1570       1593       1697       1719       1696
   415:       1826       1823       1845       1910       2044
   420:       1940       2120       2067       2235       2157
   425:       2289       2283       2391       2385       2451
   430:       2406       2438       2474       2550       2463
   435:       2457       2459       2432       2517       2475
   440:       2505       2444       2469       2529       2447
   445:       2408       2401       2351       2406       2357
   450:       2331       2270       2177       2103       2180
   455:       2122       2084       1914       1937       1946
   460:       1871       1851       1794       1772       1665
   465:       1640       1697       1587       1468       1422
   470:       1466       1437       1351       1276       1273
   475:       1244       1195       1188       1108       1047
   480:       1036       1020       1016        957        925
   485:        930        923        853        829        846
   490:        793        805        745        709        677
   495:        691        661        661        649        597
   500:        565        559        547        569        520
   505:        528        470        445        453        460
   510:        453        384        376        405        384
   515:        380        391        324        371        340
   520:        319        345        304        332        330
   525:        274        276        284        325        293
   530:        299        288        294        239        291
   535:        276        281        270        261        315
   540:        274        265        266        267        282
   545:        260        226        266        244        199
   550:        245        209        259        236        223
   555:        212        235        231        206        191
   560:        183        202        175        187        176
   565:        183        162        166        149        152
   570:        160        125        170        120        135
   575:        113        119         98         95        102
   580:         82        107         79         80         86
   585:         64         67         81         76         67
   590:         72         66         59         53         49
   595:         48         42         42         47         38
   600:         32         37         21         27         30
   605:         28         31         24         20         19
   610:         20         23         19         18         24
   615:         17         12         14         17         16
   620:         12         17         12         13          7
   625:          4          8          7         11         14
   630:         12         13          4          8          3
   635:          4          7          8          7          6
   640:          2          4          5          2          5
   645:          3          2          2          1          0
   650:          0          1          2          2          3
   655:          2          0          3          4          3
   660:          2          1          3          5          2
   665:          4          1          1          1          4
   670:          3          1          0          3          0
   675:          3          1          3          2          1
   680:          0          4          3          2          1
   685:          3          3          2          1          3
   690:          2          4          0          0          2
   695:          0          0          2          2          1
   700:          2          1          4          2          2
   705:          1          1          1          0          2
   710:          2          3          4          0          2
   715:          0          1          1          2          1
   720:          2          6          2          1          1
   725:          3          1          1          1          1
   730:          1          3          1          0          3
   735:          0          3          3          1          2
   740:          0          2          2          2          4
   745:          2          2          3          2          3
   750:          5          2          1          1          3
   755:          1          2          1          1          0
   760:          2          2          0          2          0
   765:          1          4          1          1          1
   770:          3          1          3          3          6
   775:          3          1          1          1          2
   780:          3          3          1          0          1
   785:          0          0          1          2          1
   790:          1          1          1          3          2
   795:          1          0          2          1          2
   800:          1          3          2          2          2
   805:          2          3          3          0          1
   810:          2          5          3          2          2
   815:          2          1          1          1          1
   820:          1          2          2          2          1
   825:          0          4          1          1          3
   830:          1          1          2          1          0
   835:          3          1          3          3          2
   840:          1          0          1          2          3
   845:          1          1          4          1          0
   850:          0          0          1          0          1
   855:          3          1          1          0          0
   860:          0          0          0          1          1
   865:          2          0          1          0          2
   870:          3          0          0          2          1
   875:          0          2          1          0          0
   880:          1          0          1          0          2
   885:          0          1          1          1          2
   890:          0          1          1          0          0
   895:          1          0          1          1          0
   900:          0          0          1          0          1
   905:          2          0          0          0          0
   910:          0          0          1          0          2
   915:          0          1          1          2          1
   920:          2          0          0          0          0
   925:          0          0          0          0          0
   930:          0          0          1          0          0
   935:          0          1          3          0          0
   940:          1          1          0          1          1
   945:          0          1          0          0          0
   950:          1          0          0          0          0
   955:          1          0          0          0          1
   960:          0          0          1          1          1
   965:          0          0          1          0          2
   970:          0          0          0          1          0
   975:          1          0          0          2          0
   980:          1          0          0          1          0
   985:          0          0          0          0          0
   990:          0          2          0          0          0
   995:          2          0          0          0          0
  1000:          0          0          0          0          0
  1005:          1          0          0          1          0
  1010:          1          1          1          0          0
  1015:          0          0          2          0          0
  1020:          1          0          0          1          1
  1025:          0          0          0          0          0
  1030:          0          0          0          0          0
  1035:          0          1          0          0          0
  1040:          0          0          2          0          0
  1045:          0          0          0          1          0
  1050:          0          0          1          0          0
  1055:          0          0          0          0          0
  1060:          0          0          0          0          0
  1065:          0          0          0          0          0
  1070:          0          0          0          1          0
  1075:          0          0          0          0          0
  1080:          0          0          0          0          0
  1085:          0          0          0          0          0
  1090:          0          0          0          1          1
  1095:          0          0          1          0          0
  1100:          0          0          0          1          0
  1105:          0          0          1          0          0
  1110:          0          0          0          0          0
  1115:          0          0          0          0          0
  1120:          0          0          0          0          0
  1125:          0          0          0          0          0
  1130:          0          0          0          0          0
  1135:          0          0          0          0          0
  1140:          0          0          0          0          0
  1145:          1          0          0          0          0
  1150:          0          0          1          0          0
  1155:          0          0          0          1          0
  1160:          0          0          0          0          0
  1165:          0          0          0          0          0
  1170:          0          0          0          0          0
  1175:          0          0          0          0          0
  1180:          0          0          0          0          0
  1185:          0          0          0          0          0
  1190:          0          0          0          0          1
  1195:          0          0          0          0          0
  1200:          0          0          0          0          0
  1205:          0          0          0          0          0
  1210:          0          0          0          0          0
  1215:          0          0          0          0          0
  1220:          0          0          0          1          0
  1225:          0          0          0          0          0
  1230:          0          0          0          0          0
  1235:          0          0          0          0          0
  1240:          0          0          0          1          0
  1245:          0          0          0          0          0
  1250:          0          0          0          0          0
  1255:          0          0          0          0          0
  1260:          0          0          0          0          0
  1265:          0          0          0          0          0
  1270:          0          0          0          0          0
  1275:          1          0          0          0          0
  1280:          0          0          1          0          0
  1285:          0          1          0          0          0
  1290:          0          0          0          1          0
  1295:          0          1          0          0          0
  1300:          1          0          0          0          0
  1305:          0          0          0          0          0
  1310:          0          0          0          1          0
  1315:          0          0          0          0          0
  1320:          0          0          0          0          0
  1325:          0          0          0          0          0
  1330:          0          0          0          0          0
  1335:          0          0          0          0          0
  1340:          0          0          0          0          0
  1345:          0          0          0          0          0
  1350:          0          0          0          0          0
  1355:          0          0          0          0          0
  1360:          0          0          0          0          0
  1365:          0          0          0          0          0
  1370:          0          0          0          0          0
  1375:          0          0          0          0          0
  1380:          0          0          0          1          1
  1385:          0          1          0          0          0
  1390:          0          0          0          0          0
  1395:          0          0          0          0          0
  1400:          0          0          0          0          0
  1405:          0          0          0          0          0
  1410:          0          0          0          0          0
  1415:          1          0          0          0          0
  1420:          0          0          1          0          0
  1425:          0          0          0          0          0
  1430:          0          0          0          0          0
  1435:          0          0          0          0          0
  1440:          1          0          0          0          0
  1445:          0          0          0          0          0
  1450:          0          0          0          0          0
  1455:          0          0          0          0          0
  1460:          0          0          0          0          0
  1465:          0          0          0          0          1
  1470:          0          1          0          0          0
  1475:          0          0          0          0          0
  1480:          0          0          0          0          0
  1485:          1          0          0          0          0
  1490:          0          0          1          0          0
  1495:          0          0          0          0          0
  1500:          0          0          0          0          0
  1505:          0          0          0          0          0
  1510:          0          0          0          1          1
  1515:          0          0          0          0          0
  1520:          0          0          0          0          0
  1525:          0          0          0          0          0
  1530:          0          0          0          0          0
  1535:          0          0          0          0          0
  1540:          0          0          0          0          0
  1545:          0          0          0          0          0
  1550:          0          1          0          0          2
  1555:          1          0          0          0          0
  1560:          0          0          0          0          0
  1565:          0          0          0          0          0
  1570:          0          0          0          0          0
  1575:          1          0          0          0          0
  1580:          0          0          0          0          0
  1585:          0          0          0          0          0
  1590:          0          0          0          0          0
  1595:          0          0          0          0          0
  1600:          0          0          0          0          0
  1605:          0          0          1          0          0
  1610:          0          0          0          0          0
  1615:          0          0          0          0          0
  1620:          0          1          0          0          0
  1625:          0          0          0          0          0
  1630:          0          0          0          0          0
  1635:          0          0          0          0          0
  1640:          0          0          0          0          0
  1645:          0          0          0          1          0
  1650:          1          0          0          0          0
  1655:          0          0          0          0          0
  1660:          0          0          0          0          0
  1665:          0          0          0          0          1
  1670:          0          0          0          0          0
  1675:          0          0          0          0          0
  1680:          0          0          0          0          0
  1685:          0          0          0          0          0
  1690:          0          0          0          0          0
  1695:          0          0          0          0          0
  1700:          0          0          0          0          0
  1705:          0          0          0          0          0
  1710:          0          0          0          0          0
  1715:          0          0          0          0          0
  1720:          0          0          0          0          0
  1725:          0          0          0          0          0
  1730:          0          0          0          0          0
  1735:          0          0          0          0          0
  1740:          0          0          0          0          0
  1745:          0          0          0          1          0
  1750:          0          0          0          0          0
  1755:          0          0          0          0          0
  1760:          0          0          0          0          0
  1765:          0          0          0          0          0
  1770:          0          0          0          0          0
  1775:          0          0          0          0          0
  1780:          0          0          0          0          0
  1785:          0          0          0          0          0
  1790:          0          0          0          0          0
  1795:          0          0          0          0          0
  1800:          0          0          0          0          0
  1805:          0          0          0          0          0
  1810:          0          0          0          0          0
  1815:          0          0          0          0          0
  1820:          0          0          0          0          0
  1825:          1          0          0          1          0
  1830:          0          0          0          0          0
  1835:          0          0          0          0          0
  1840:          0          0          0          0          0
  1845:          0          0          0          0          0
  1850:          0          0          0          0          0
  1855:          0          0          0          0          0
  1860:          0          0          0          0          0
  1865:          0          0          0          0          0
  1870:          0          0          0          0          0
  1875:          0          0          0          0          0
  1880:          0          0          0          0          0
  1885:          0          0          0          0          0
  1890:          0          0          0          0          0
  1895:          0          0          0          0          0
  1900:          0          0          0          0          0
  1905:          0          0          0          0          0
  1910:          0          0          0          0          0
  1915:          0          0          0          0          0
  1920:          0          0          0          0          0
  1925:          0          0          0          0          0
  1930:          0          0          0          0          0
  1935:          0          0          0          0          0
  1940:          0          0          0          0          0
  1945:          0          0          0          0          0
  1950:          0          0          0          0          0
  1955:          0          0          0          0          0
  1960:          0          0          0          0          0
  1965:          0          0          0          0          0
  1970:          0          0          0          0          0
  1975:          0          0          0          0          0
  1980:          0          0          0          0          0
  1985:          0          0          0          0          0
  1990:          0          0          0          0          0
  1995:          0          0          0          0          0
  2000:          0          0          0          0          0
  2005:          0          0          0          0          0
  2010:          0          0          0          0          0
  2015:          0          0          0          0          0
  2020:          0          0          0          0          0
  2025:          0          0          0          0          0
  2030:          0          0          0          0          0
  2035:          0          0          0          0          0
  2040:          0          0          0          0          0
  2045:          0          0          0
