ACQUISITION INFORMATION

Detector ID:  1
Detector description:
COS12ZBPR3 Easy-MCA-2k SN 16145344
Sample description:
Background
Real Time:  151.559997
Live Time:  146.759997
Acquisition start date:  20Feb2024
Acquisition start time:  12:13:30
Starting channel number:   0
Number of channels:   2048


CALIBRATION INFORMATION

ENERGY CALIBRATION
Units:
Energy Fit:  0.000000E+000  8.379747E-001  0.000000E+000
FWHM Fit:  0.000000E+000  0.000000E+000  0.000000E+000
Efficiency Terms:  0.000000  0.000000  0.000000  0.000000  0.000000
  0.000000  0.000000  0.000000  0.000000  0.000000


SPECTRUM
     0:          0          0         15         12          9
     5:        232        746        681        636        600
    10:        583        585        595        531        536
    15:        554        621        567        656        633
    20:        666        719        815        922       1097
    25:       1370       1820       2478       3524       5322
    30:       7649      11283      14846      20037      24745
    35:      29354      32857      34144      33902      31729
    40:      28214      24122      19427      15048      11426
    45:       8368       5974       4325       3163       2311
    50:       1766       1370       1082        983        960
    55:       1016       1010       1075       1245       1247
    60:       1355       1535       1551       1747       1798
    65:       1833       1868       1876       1848       1755
    70:       1814       1867       1850       1864       1918
    75:       1936       2083       2170       2361       2399
    80:       2469       2435       2428       2470       2444
    85:       2268       2214       2221       2111       2135
    90:       2202       2376       2563       2871       3161
    95:       3609       4313       4883       5602       6139
   100:       7068       7629       8150       8664       9021
   105:       9532       9309       9153       8755       8325
   110:       7825       7103       6167       5526       4774
   115:       4096       3315       2755       2282       1902
   120:       1585       1283       1124        907        817
   125:        676        667        652        614        657
   130:        673        665        671        689        683
   135:        758        788        869        805        945
   140:        984       1093       1148       1210       1231
   145:       1319       1357       1404       1382       1435
   150:       1460       1352       1322       1316       1219
   155:       1156       1123       1048        986        918
   160:        861        760        795        698        615
   165:        605        583        587        561        509
   170:        558        530        516        508        561
   175:        543        566        511        582        593
   180:        592        589        642        634        602
   185:        670        624        628        652        680
   190:        649        707        677        664        708
   195:        704        730        725        694        745
   200:        715        728        749        702        725
   205:        695        749        718        747        705
   210:        701        639        638        661        645
   215:        613        651        663        684        619
   220:        663        625        614        613        578
   225:        585        589        589        556        564
   230:        597        564        542        535        538
   235:        527        569        550        548        542
   240:        488        526        556        529        494
   245:        567        485        488        515        484
   250:        506        507        457        455        460
   255:        456        449        422        416        411
   260:        437        430        430        383        360
   265:        410        354        380        403        393
   270:        357        379        373        349        374
   275:        391        374        344        360        339
   280:        352        350        339        337        341
   285:        334        324        320        320        332
   290:        322        321        321        298        335
   295:        334        307        303        282        295
   300:        324        313        326        296        301
   305:        303        321        330        347        345
   310:        330        317        332        365        339
   315:        370        374        364        403        430
   320:        425        455        419        423        478
   325:        492        496        498        515        578
   330:        553        571        573        605        648
   335:        628        666        680        702        720
   340:        713        793        798        784        773
   345:        858        822        810        817        881
   350:        913        895        934        963        924
   355:        949       1005       1013       1026       1020
   360:       1031       1085       1102       1083       1098
   365:       1072       1105       1078       1153       1173
   370:       1124       1174       1186       1151       1174
   375:       1156       1095       1116       1068       1158
   380:       1142       1170       1118       1108       1178
   385:       1061       1098       1115       1125       1130
   390:       1119       1117       1096       1153       1126
   395:       1104       1193       1160       1131       1175
   400:       1259       1259       1191       1265       1371
   405:       1388       1320       1404       1366       1536
   410:       1476       1551       1546       1589       1647
   415:       1757       1862       1800       1826       1854
   420:       1927       2010       2073       1970       2118
   425:       2107       2196       2346       2278       2343
   430:       2361       2351       2333       2426       2442
   435:       2431       2474       2511       2458       2454
   440:       2386       2394       2387       2534       2473
   445:       2434       2391       2378       2346       2241
   450:       2286       2237       2240       2221       2121
   455:       2104       2113       2040       1986       1969
   460:       1924       1842       1769       1737       1719
   465:       1728       1660       1564       1498       1479
   470:       1466       1433       1404       1342       1313
   475:       1315       1238       1154       1141       1126
   480:       1123       1062       1058       1042        982
   485:        940        933        875        894        808
   490:        796        794        714        706        698
   495:        688        646        673        607        625
   500:        564        591        577        522        537
   505:        516        461        459        445        428
   510:        356        402        409        355        362
   515:        397        357        352        328        346
   520:        324        331        283        281        327
   525:        289        279        308        287        262
   530:        293        282        299        286        263
   535:        268        286        253        278        264
   540:        239        267        285        283        285
   545:        251        249        274        254        243
   550:        248        248        249        241        231
   555:        218        184        239        226        241
   560:        199        176        200        162        186
   565:        172        179        179        157        161
   570:        139        126        149        150        140
   575:        120        107        126        121        114
   580:        117         92         80         75         91
   585:         67         78         58         68         64
   590:         55         54         63         49         40
   595:         45         43         51         27         44
   600:         33         40         31         17         30
   605:         26         31         19         16         26
   610:         21         25         19         19         24
   615:         19         19         15         13         18
   620:         14         12         11         12         15
   625:          8         13         11         12          9
   630:          9          7          7          5          5
   635:          1         10          7          3          5
   640:          3          6          5          3          4
   645:          4          3          1          6          2
   650:          1          4          1          3          3
   655:          1          5          2          3          4
   660:          5          2          2          3          3
   665:          2          4          0          7          3
   670:          1          2          1          5          0
   675:          1          5          1          3          1
   680:          2          2          2          1          5
   685:          1          1          3          2          2
   690:          1          2          1          0          0
   695:          2          2          2          1          1
   700:          0          1          2          2          0
   705:          3          4          1          0          4
   710:          2          1          2          1          0
   715:          2          2          2          1          0
   720:          1          2          0          1          1
   725:          3          3          1          2          0
   730:          2          2          1          0          0
   735:          0          0          1          0          2
   740:          1          1          1          2          2
   745:          2          1          1          3          1
   750:          2          0          0          3          0
   755:          2          3          1          5          4
   760:          0          1          1          4          1
   765:          3          1          3          3          2
   770:          1          1          1          1          1
   775:          2          4          3          2          0
   780:          2          4          2          1          0
   785:          4          2          1          3          2
   790:          1          2          0          4          3
   795:          0          2          1          2          1
   800:          1          1          2          0          0
   805:          0          0          4          2          1
   810:          1          1          0          4          0
   815:          1          1          1          0          1
   820:          4          1          3          2          3
   825:          1          2          1          1          2
   830:          2          0          2          1          2
   835:          1          1          3          0          3
   840:          0          0          0          4          1
   845:          1          2          2          2          1
   850:          2          2          1          0          1
   855:          2          1          0          2          0
   860:          1          0          1          1          1
   865:          0          0          2          3          2
   870:          1          0          1          1          2
   875:          1          0          2          0          1
   880:          0          0          0          1          0
   885:          0          1          2          2          2
   890:          0          1          0          1          0
   895:          0          1          4          3          0
   900:          0          2          1          1          1
   905:          1          1          0          0          0
   910:          0          0          1          0          0
   915:          2          2          0          0          1
   920:          0          1          1          0          1
   925:          0          1          0          0          1
   930:          0          1          0          0          0
   935:          1          0          1          2          1
   940:          0          0          0          0          1
   945:          0          0          0          1          0
   950:          2          0          0          0          0
   955:          0          0          0          0          0
   960:          0          0          0          2          0
   965:          0          0          0          0          0
   970:          1          0          0          0          2
   975:          0          0          0          0          1
   980:          0          0          0          0          0
   985:          0          0          1          1          1
   990:          0          1          0          1          0
   995:          1          1          0          0          1
  1000:          0          1          1          0          0
  1005:          1          0          1          0          0
  1010:          0          1          0          0          0
  1015:          0          0          2          1          0
  1020:          0          1          0          0          0
  1025:          0          0          0          1          1
  1030:          2          0          0          0          0
  1035:          0          1          0          2          0
  1040:          1          0          0          0          1
  1045:          0          0          0          0          0
  1050:          0          0          0          0          0
  1055:          0          0          0          0          0
  1060:          0          1          1          0          0
  1065:          0          0          1          0          0
  1070:          0          0          0          0          0
  1075:          0          0          0          0          1
  1080:          0          0          0          0          0
  1085:          1          0          0          1          1
  1090:          0          0          0          0          0
  1095:          0          0          0          0          0
  1100:          0          0          0          0          0
  1105:          0          0          0          0          0
  1110:          0          0          0          0          0
  1115:          0          0          0          0          0
  1120:          0          0          0          0          0
  1125:          0          0          0          0          0
  1130:          0          0          0          0          0
  1135:          0          0          0          0          0
  1140:          0          0          0          0          0
  1145:          0          0          0          0          0
  1150:          0          0          0          0          0
  1155:          1          0          0          0          0
  1160:          0          0          0          0          2
  1165:          0          0          0          0          0
  1170:          1          0          0          0          0
  1175:          0          0          0          0          0
  1180:          0          0          0          0          0
  1185:          0          0          0          0          0
  1190:          0          0          0          0          0
  1195:          1          0          0          0          0
  1200:          0          0          0          0          0
  1205:          0          0          0          0          0
  1210:          0          0          0          0          0
  1215:          0          0          0          0          0
  1220:          0          0          1          0          0
  1225:          0          1          0          0          0
  1230:          0          0          0          0          0
  1235:          0          0          0          0          1
  1240:          0          1          0          0          2
  1245:          1          0          0          0          0
  1250:          0          0          0          0          0
  1255:          0          0          0          0          0
  1260:          0          0          0          0          0
  1265:          0          0          0          0          0
  1270:          0          0          0          0          0
  1275:          0          0          0          0          1
  1280:          0          0          0          0          0
  1285:          0          0          0          0          0
  1290:          0          0          0          0          0
  1295:          0          1          0          0          0
  1300:          0          1          0          0          0
  1305:          0          0          0          0          0
  1310:          0          0          0          0          0
  1315:          0          0          1          0          0
  1320:          0          0          1          1          0
  1325:          0          0          0          0          0
  1330:          0          0          0          0          0
  1335:          0          0          1          0          0
  1340:          0          0          0          0          0
  1345:          0          0          0          0          0
  1350:          0          0          0          0          0
  1355:          0          0          0          0          0
  1360:          0          0          0          0          0
  1365:          0          0          0          0          1
  1370:          0          1          0          0          0
  1375:          1          0          0          0          0
  1380:          0          0          1          0          0
  1385:          0          0          0          0          0
  1390:          0          0          0          0          0
  1395:          0          0          0          1          0
  1400:          0          0          0          0          0
  1405:          0          0          0          0          0
  1410:          0          0          0          0          0
  1415:          0          0          0          0          0
  1420:          0          0          0          1          0
  1425:          0          0          0          0          0
  1430:          0          0          0          1          0
  1435:          0          0          0          0          0
  1440:          0          0          0          0          0
  1445:          0          0          0          0          0
  1450:          0          0          0          0          0
  1455:          0          0          0          0          0
  1460:          0          0          0          0          0
  1465:          0          0          0          0          0
  1470:          0          0          0          0          0
  1475:          0          0          0          0          1
  1480:          0          0          0          0          0
  1485:          0          0          0          0          0
  1490:          0          0          0          0          0
  1495:          0          1          0          0          0
  1500:          1          0          0          0          0
  1505:          0          0          0          0          0
  1510:          0          0          0          0          1
  1515:          0          0          0          0          0
  1520:          1          0          0          0          0
  1525:          0          0          0          0          0
  1530:          0          0          0          1          0
  1535:          0          0          0          0          0
  1540:          0          0          0          0          0
  1545:          0          0          0          0          0
  1550:          0          0          0          0          0
  1555:          0          0          0          0          0
  1560:          0          0          0          0          0
  1565:          0          0          0          0          0
  1570:          0          0          0          0          0
  1575:          0          0          0          0          0
  1580:          0          0          0          0          0
  1585:          0          0          0          0          0
  1590:          0          0          0          0          0
  1595:          0          0          0          0          0
  1600:          0          0          0          1          0
  1605:          0          0          0          0          0
  1610:          0          0          0          0          0
  1615:          0          0          0          0          0
  1620:          0          0          0          0          0
  1625:          1          0          0          1          0
  1630:          0          0          0          0          0
  1635:          0          0          0          1          0
  1640:          0          0          0          0          0
  1645:          0          0          0          0          0
  1650:          0          0          0          0          0
  1655:          0          0          0          0          0
  1660:          0          0          0          0          0
  1665:          0          1          0          0          0
  1670:          0          1          0          0          0
  1675:          0          0          0          0          0
  1680:          0          0          0          0          0
  1685:          0          0          1          0          0
  1690:          0          0          0          0          0
  1695:          0          0          0          1          0
  1700:          0          0          0          0          0
  1705:          0          0          0          0          0
  1710:          0          0          0          0          0
  1715:          0          0          0          0          0
  1720:          0          0          0          0          0
  1725:          0          0          0          0          0
  1730:          1          0          0          0          0
  1735:          0          0          0          0          0
  1740:          0          0          0          0          0
  1745:          0          0          0          0          0
  1750:          0          0          0          0          0
  1755:          0          0          0          0          0
  1760:          1          0          0          0          0
  1765:          0          0          0          0          0
  1770:          0          0          0          0          0
  1775:          0          0          0          0          0
  1780:          0          0          0          0          0
  1785:          0          0          0          0          0
  1790:          0          0          0          0          0
  1795:          0          0          0          0          0
  1800:          0          0          0          0          0
  1805:          0          0          0          0          0
  1810:          0          1          0          0          0
  1815:          0          0          0          0          0
  1820:          0          0          0          0          0
  1825:          0          0          0          0          0
  1830:          0          0          0          0          0
  1835:          0          0          0          0          0
  1840:          1          0          0          0          1
  1845:          0          0          0          0          0
  1850:          0          0          0          0          0
  1855:          0          0          0          0          0
  1860:          0          0          0          0          0
  1865:          0          0          0          0          0
  1870:          0          0          0          0          0
  1875:          0          0          0          0          0
  1880:          0          0          0          0          0
  1885:          0          0          0          0          0
  1890:          0          0          0          0          0
  1895:          0          0          0          0          0
  1900:          0          0          0          0          0
  1905:          0          0          0          0          0
  1910:          0          0          0          0          0
  1915:          0          0          0          0          0
  1920:          0          0          0          0          0
  1925:          0          0          0          0          0
  1930:          0          0          0          0          0
  1935:          0          0          0          0          0
  1940:          0          0          0          0          0
  1945:          0          0          0          0          0
  1950:          0          0          0          0          0
  1955:          0          0          0          0          0
  1960:          0          0          0          0          0
  1965:          0          0          0          0          0
  1970:          0          0          0          0          0
  1975:          0          0          0          0          0
  1980:          0          0          0          0          0
  1985:          0          0          0          0          0
  1990:          0          0          0          0          0
  1995:          0          0          0          0          0
  2000:          0          0          0          0          0
  2005:          0          0          0          0          0
  2010:          0          0          0          0          0
  2015:          0          0          0          0          0
  2020:          0          0          0          0          0
  2025:          0          0          0          0          0
  2030:          0          0          0          0          0
  2035:          0          0          0          0          0
  2040:          0          0          0          0          0
  2045:          0          0          0
