ACQUISITION INFORMATION

Detector ID:  1
Detector description:
COS12ZBPR3 Easy-MCA-2k SN 16145344
Sample description:
Background
Real Time:  130.099997
Live Time:  130.079997
Acquisition start date:  20Feb2024
Acquisition start time:  10:52:57
Starting channel number:   0
Number of channels:   2048


CALIBRATION INFORMATION

ENERGY CALIBRATION
Units:
Energy Fit:  0.000000E+000  8.379747E-001  0.000000E+000
FWHM Fit:  0.000000E+000  0.000000E+000  0.000000E+000
Efficiency Terms:  0.000000  0.000000  0.000000  0.000000  0.000000
  0.000000  0.000000  0.000000  0.000000  0.000000


SPECTRUM
     0:          0          0          0          0          0
     5:          7         34         20          8          4
    10:          3         10          3          5          6
    15:          3          5          5          3          1
    20:          0          4          0          2          5
    25:          2          5          4          2          2
    30:          4          2          1          1          2
    35:          6          4          3          2          3
    40:          6          2          1          0          2
    45:          3          0          1          2          3
    50:          1          1          2          3          0
    55:          2          4          2          3          2
    60:          1          0          2          2          0
    65:          1          2          0          3          3
    70:          1          3          3          4          3
    75:          1          6          1          7          3
    80:          5          9          4          5          3
    85:          3          5          3          5          5
    90:          3          4          6          2          2
    95:          5          3          6          4          9
   100:          3          4          5          4          6
   105:          3          6          3          2          1
   110:          5          7          2          3          2
   115:          6          4          4          3          6
   120:          6          3          8          2          5
   125:          2          0          2          1          6
   130:          2          2          3          4          5
   135:          6          2          6          4          1
   140:          3          3          4          3          3
   145:          5          4          4          2          5
   150:          2          3          2          3          3
   155:          3          3          4          0          4
   160:          3          2          4          1          3
   165:          4          6          2          3          6
   170:          4          1          3          1          4
   175:          5          2          3          5          4
   180:          5          2          2          3          3
   185:          7          3          5          3          2
   190:          2          3          1          2          3
   195:          0          1          1          4          4
   200:          2          6          4          5          0
   205:          3          1          1          5          2
   210:          2          4          3          2          2
   215:          2          1          1          2          2
   220:          2          2          5          5          1
   225:          2          3          1          5          3
   230:          4          1          3          1          2
   235:          4          0          3          2          0
   240:          1          3          1          0          1
   245:          4          0          2          1          2
   250:          1          0          3          4          2
   255:          2          2          1          3          1
   260:          0          1          1          1          0
   265:          3          1          2          1          1
   270:          5          2          1          1          3
   275:          2          0          2          0          3
   280:          0          3          2          2          0
   285:          1          1          1          1          1
   290:          2          0          2          2          3
   295:          1          0          1          0          0
   300:          1          1          0          1          1
   305:          0          1          2          1          1
   310:          2          1          0          1          0
   315:          2          0          1          1          0
   320:          3          0          2          1          0
   325:          1          1          1          0          1
   330:          1          0          0          1          0
   335:          0          1          2          1          1
   340:          2          0          1          1          2
   345:          2          1          0          1          0
   350:          2          0          3          0          1
   355:          0          0          0          2          0
   360:          0          2          1          0          1
   365:          1          0          2          1          1
   370:          1          0          3          0          1
   375:          1          3          1          2          0
   380:          1          0          0          1          0
   385:          2          1          1          1          1
   390:          0          1          3          1          1
   395:          1          1          2          0          0
   400:          2          0          2          2          0
   405:          0          0          0          1          2
   410:          2          1          2          0          0
   415:          0          1          0          0          2
   420:          0          0          1          0          1
   425:          0          0          1          1          0
   430:          1          0          0          2          0
   435:          1          0          0          0          0
   440:          0          0          0          2          1
   445:          0          1          0          2          1
   450:          0          0          0          1          0
   455:          0          0          1          1          0
   460:          1          0          1          1          0
   465:          0          0          0          0          0
   470:          1          1          1          1          3
   475:          0          1          0          0          0
   480:          1          0          1          0          0
   485:          0          0          0          1          0
   490:          0          0          1          0          0
   495:          0          0          0          0          0
   500:          0          0          0          0          0
   505:          0          0          0          1          2
   510:          0          1          0          0          0
   515:          0          0          2          0          0
   520:          1          0          0          0          0
   525:          0          0          0          0          1
   530:          1          0          0          1          0
   535:          0          0          0          0          0
   540:          0          1          0          0          1
   545:          0          0          1          0          0
   550:          1          0          0          1          1
   555:          0          0          0          1          0
   560:          0          0          0          0          0
   565:          1          0          0          0          0
   570:          0          0          0          0          0
   575:          0          0          0          1          1
   580:          0          0          0          0          1
   585:          0          0          0          0          1
   590:          0          0          0          0          0
   595:          2          1          1          0          0
   600:          2          0          0          0          0
   605:          0          0          0          1          0
   610:          0          0          0          2          0
   615:          0          0          1          1          0
   620:          0          1          0          0          0
   625:          0          0          0          1          1
   630:          1          1          1          0          0
   635:          0          0          0          0          0
   640:          0          1          0          0          2
   645:          0          0          1          0          0
   650:          0          0          1          0          0
   655:          0          1          0          1          1
   660:          0          0          1          0          0
   665:          0          1          0          0          1
   670:          1          1          0          0          0
   675:          0          0          0          0          0
   680:          1          0          0          0          0
   685:          0          0          0          0          0
   690:          1          0          1          0          0
   695:          0          0          3          0          0
   700:          0          0          0          0          0
   705:          1          0          0          1          0
   710:          0          0          0          0          2
   715:          0          0          0          1          1
   720:          0          0          0          0          0
   725:          0          0          0          0          0
   730:          0          0          0          1          0
   735:          0          0          1          0          0
   740:          0          0          1          0          0
   745:          0          0          1          1          0
   750:          0          0          0          0          0
   755:          0          1          0          1          0
   760:          0          1          0          0          0
   765:          0          0          0          0          0
   770:          0          0          0          0          0
   775:          0          0          0          0          0
   780:          0          0          0          0          0
   785:          0          0          0          0          0
   790:          0          1          0          0          0
   795:          0          0          0          0          1
   800:          0          0          0          0          0
   805:          0          1          0          0          0
   810:          0          0          0          0          0
   815:          0          0          0          0          0
   820:          1          0          0          0          0
   825:          0          0          0          0          3
   830:          0          0          0          0          0
   835:          0          0          0          0          0
   840:          0          0          0          0          0
   845:          0          0          0          0          0
   850:          0          0          0          1          0
   855:          0          0          0          0          0
   860:          0          0          0          0          1
   865:          0          0          0          0          0
   870:          0          0          0          2          0
   875:          0          0          0          0          0
   880:          0          0          0          0          0
   885:          0          0          0          0          0
   890:          0          1          0          0          0
   895:          0          0          0          1          0
   900:          0          0          0          0          0
   905:          0          0          0          1          0
   910:          1          0          0          0          0
   915:          0          0          0          0          0
   920:          0          0          0          0          0
   925:          1          1          1          0          0
   930:          0          0          0          0          0
   935:          0          0          0          0          0
   940:          0          2          1          0          0
   945:          0          0          0          0          1
   950:          0          0          0          0          0
   955:          0          1          0          1          0
   960:          0          0          0          0          0
   965:          0          0          0          0          0
   970:          0          0          1          0          0
   975:          0          0          0          0          0
   980:          0          0          0          0          0
   985:          0          0          0          0          0
   990:          0          0          1          0          0
   995:          0          0          0          0          0
  1000:          0          0          0          0          0
  1005:          0          0          0          1          0
  1010:          0          0          0          0          0
  1015:          0          0          0          0          0
  1020:          0          0          0          0          0
  1025:          0          0          0          0          0
  1030:          0          0          0          0          0
  1035:          0          0          0          0          0
  1040:          0          0          0          0          0
  1045:          0          0          0          0          1
  1050:          0          0          0          0          0
  1055:          0          0          0          0          0
  1060:          0          0          0          0          0
  1065:          1          1          0          0          1
  1070:          0          0          0          1          1
  1075:          0          0          0          0          0
  1080:          0          0          0          0          0
  1085:          0          0          0          0          0
  1090:          0          0          0          0          0
  1095:          0          0          0          1          0
  1100:          0          0          0          0          0
  1105:          0          1          0          0          0
  1110:          0          0          0          1          0
  1115:          0          1          0          0          0
  1120:          0          0          0          0          1
  1125:          0          0          1          0          0
  1130:          0          0          0          1          0
  1135:          0          0          0          0          0
  1140:          0          0          0          0          0
  1145:          0          0          0          0          0
  1150:          0          0          0          0          1
  1155:          0          0          0          0          0
  1160:          0          0          0          0          0
  1165:          0          0          0          0          0
  1170:          0          0          0          0          0
  1175:          0          0          0          0          1
  1180:          0          0          0          0          0
  1185:          0          0          1          0          0
  1190:          0          0          0          0          0
  1195:          0          0          2          0          0
  1200:          0          0          0          1          1
  1205:          1          0          0          0          0
  1210:          0          0          0          0          0
  1215:          0          0          0          0          0
  1220:          0          0          0          0          0
  1225:          0          0          1          0          0
  1230:          0          0          0          0          0
  1235:          0          0          0          0          0
  1240:          0          0          0          0          0
  1245:          0          0          0          0          0
  1250:          1          0          1          0          0
  1255:          0          0          0          0          0
  1260:          0          0          0          0          0
  1265:          0          0          0          0          0
  1270:          0          0          0          0          0
  1275:          1          0          0          0          0
  1280:          0          0          0          0          0
  1285:          0          0          0          0          0
  1290:          0          1          0          0          0
  1295:          0          0          0          0          0
  1300:          0          0          0          0          0
  1305:          0          0          0          0          0
  1310:          0          0          1          0          1
  1315:          0          1          0          0          0
  1320:          0          0          0          0          0
  1325:          0          0          0          0          0
  1330:          0          0          0          0          0
  1335:          0          0          0          0          0
  1340:          0          0          0          0          0
  1345:          0          0          0          0          0
  1350:          0          0          0          1          0
  1355:          0          0          0          0          0
  1360:          0          0          0          0          0
  1365:          0          0          0          0          0
  1370:          0          0          0          0          0
  1375:          0          0          0          1          0
  1380:          0          0          0          0          0
  1385:          0          0          0          0          0
  1390:          0          1          0          0          0
  1395:          0          0          0          0          0
  1400:          0          0          0          0          0
  1405:          0          0          0          0          0
  1410:          0          0          0          0          0
  1415:          0          0          0          0          0
  1420:          0          0          0          0          0
  1425:          0          0          0          0          0
  1430:          0          0          0          0          0
  1435:          0          0          0          0          0
  1440:          0          0          0          1          0
  1445:          0          1          0          0          0
  1450:          0          0          0          0          0
  1455:          0          0          0          0          0
  1460:          0          0          0          0          1
  1465:          0          0          1          0          0
  1470:          0          0          0          0          0
  1475:          0          0          0          0          0
  1480:          0          0          0          0          0
  1485:          0          0          0          0          0
  1490:          0          0          0          0          0
  1495:          0          0          0          0          0
  1500:          0          0          0          0          0
  1505:          0          0          0          0          0
  1510:          0          0          0          0          0
  1515:          0          0          0          0          0
  1520:          0          0          0          0          1
  1525:          0          0          0          0          0
  1530:          0          0          0          0          0
  1535:          0          0          0          1          0
  1540:          0          0          0          0          0
  1545:          0          0          0          0          0
  1550:          0          0          0          0          0
  1555:          0          2          1          0          1
  1560:          1          0          0          0          0
  1565:          0          0          0          0          0
  1570:          0          0          0          0          0
  1575:          0          1          0          0          0
  1580:          0          0          0          0          0
  1585:          0          0          0          0          0
  1590:          0          0          0          0          1
  1595:          0          0          0          0          0
  1600:          0          0          0          0          0
  1605:          1          0          0          0          0
  1610:          0          0          0          0          0
  1615:          0          0          0          0          1
  1620:          0          0          0          0          0
  1625:          0          0          0          0          0
  1630:          0          1          0          0          0
  1635:          0          0          0          0          0
  1640:          0          0          0          1          0
  1645:          0          0          0          0          1
  1650:          0          0          0          0          0
  1655:          0          0          0          0          0
  1660:          0          0          0          0          0
  1665:          0          0          0          0          0
  1670:          0          0          0          0          0
  1675:          0          0          0          0          0
  1680:          0          0          0          0          0
  1685:          0          0          0          0          0
  1690:          0          0          0          0          0
  1695:          0          0          0          0          0
  1700:          0          0          0          0          0
  1705:          0          0          0          0          0
  1710:          0          0          1          0          0
  1715:          0          0          0          0          0
  1720:          0          0          0          0          0
  1725:          0          0          1          0          0
  1730:          0          0          0          0          0
  1735:          0          0          0          0          0
  1740:          0          0          0          0          0
  1745:          0          0          0          0          0
  1750:          0          0          0          0          0
  1755:          0          0          0          0          0
  1760:          0          0          0          0          0
  1765:          0          0          0          0          0
  1770:          0          0          0          0          0
  1775:          0          0          0          0          0
  1780:          0          0          0          0          0
  1785:          0          0          0          0          1
  1790:          0          0          0          0          0
  1795:          0          0          0          0          0
  1800:          0          0          0          0          0
  1805:          0          0          0          0          0
  1810:          0          0          0          0          0
  1815:          0          0          0          0          0
  1820:          0          0          0          0          0
  1825:          0          0          0          0          0
  1830:          0          0          0          0          0
  1835:          0          0          0          0          1
  1840:          0          0          0          0          0
  1845:          0          0          0          0          0
  1850:          0          0          0          0          0
  1855:          0          0          0          0          0
  1860:          0          0          0          0          0
  1865:          0          0          0          0          0
  1870:          0          0          0          0          0
  1875:          0          0          0          0          0
  1880:          0          0          0          0          0
  1885:          0          0          0          0          0
  1890:          0          0          0          0          0
  1895:          0          0          0          0          0
  1900:          0          0          0          0          0
  1905:          0          0          0          0          0
  1910:          0          0          0          0          0
  1915:          0          0          0          0          0
  1920:          0          0          0          0          0
  1925:          0          0          0          0          0
  1930:          0          0          0          0          0
  1935:          0          0          0          0          0
  1940:          0          0          0          0          0
  1945:          0          0          0          0          0
  1950:          0          0          0          0          0
  1955:          0          0          0          0          0
  1960:          0          0          0          0          0
  1965:          0          0          0          0          0
  1970:          0          0          0          0          0
  1975:          0          0          0          0          0
  1980:          0          0          0          0          0
  1985:          0          0          0          0          0
  1990:          0          0          0          0          0
  1995:          0          0          0          0          0
  2000:          0          0          0          0          0
  2005:          0          0          0          0          0
  2010:          0          0          0          0          0
  2015:          0          0          0          0          0
  2020:          0          0          0          0          0
  2025:          0          0          0          0          0
  2030:          0          0          0          0          0
  2035:          0          0          0          0          0
  2040:          0          0          0          0          0
  2045:          0          0          0
