ACQUISITION INFORMATION

Detector ID:  1
Detector description:
COS12ZBPR3 Easy-MCA-2k SN 16145344
Sample description:
Background
Real Time:  270.319994
Live Time:  270.299994
Acquisition start date:  20Feb2024
Acquisition start time:  11:06:50
Starting channel number:   0
Number of channels:   2048


CALIBRATION INFORMATION

ENERGY CALIBRATION
Units:
Energy Fit:  0.000000E+000  8.379747E-001  0.000000E+000
FWHM Fit:  0.000000E+000  0.000000E+000  0.000000E+000
Efficiency Terms:  0.000000  0.000000  0.000000  0.000000  0.000000
  0.000000  0.000000  0.000000  0.000000  0.000000


SPECTRUM
     0:          0          0          0          0          0
     5:         13         57         29         24         10
    10:         11         12         13          7         10
    15:          8          9          7          5          5
    20:          5         11          4          3          6
    25:          2          5          6          5         11
    30:         11          2         11         11          7
    35:         15         17         13          6          6
    40:          5         10          8          9          5
    45:          7         10          1          3          1
    50:          2          3          0          2          5
    55:          4          6          4          6          2
    60:          3          6          5          3          5
    65:          1          3          5          6          6
    70:          5          3          3          7          7
    75:         12          8          5          8          9
    80:         11         13          5         12         11
    85:         13         11         17         10         10
    90:          9         11         13         12         12
    95:         13          3         10         15         16
   100:         11         12          7          7         13
   105:         13         11         11          6         14
   110:         13         13          9         14          8
   115:         15          7          7          8          9
   120:          7          8         10          8          6
   125:          9          6          4          7         11
   130:          7          9         10          2          7
   135:          6          4          3          9         10
   140:          6          7          7          8         10
   145:          7          6         11          7          9
   150:         10          8         11          8         14
   155:          5         11         15          9          7
   160:          9          6          5          5          8
   165:          6          4         11          8          8
   170:          6          4          9          8          7
   175:          5          7          4          6         12
   180:          3          2          4          7          3
   185:          7          5          5         13          6
   190:          6          8          4          7         10
   195:         10          5          5          6          4
   200:          6          5          5          6          5
   205:          4          5          6          6          9
   210:          9          2          6         10          3
   215:          3          8          6          5          7
   220:          6          5          6          5          4
   225:          3          1          7          8          6
   230:          4          5          4          9          5
   235:         10          4          8          3          4
   240:          4          7          4          4          3
   245:          3          4          3          1          1
   250:          2          3          2          9          4
   255:          3          1          4          4          2
   260:          1          4          3          6          2
   265:          5          6          2          3          3
   270:          1          2          7          4          2
   275:          2          3          4          4          3
   280:          7          5          5          4          5
   285:          2          3          4          4          3
   290:          3          2          1          4          5
   295:          5          2          1          2          1
   300:          3          2          5          1          2
   305:          3          4          1          3          2
   310:          0          4          1          3          3
   315:          6          0          2          2          1
   320:          4          2          1          1          4
   325:          1          2          4          2          2
   330:          3          1          1          4          1
   335:          0          0          1          2          1
   340:          0          2          1          5          2
   345:          3          1          1          0          5
   350:          3          3          2          1          1
   355:          2          2          0          3          2
   360:          0          0          2          2          2
   365:          2          0          2          0          4
   370:          1          1          0          1          0
   375:          1          1          2          3          4
   380:          2          3          0          2          6
   385:          1          1          2          0          1
   390:          2          3          1          1          3
   395:          1          1          0          3          3
   400:          0          1          4          1          1
   405:          3          3          2          0          1
   410:          3          1          4          3          0
   415:          1          3          0          1          0
   420:          1          3          2          1          1
   425:          2          2          2          1          1
   430:          3          2          0          1          1
   435:          1          0          1          2          3
   440:          1          0          0          1          4
   445:          2          1          1          1          0
   450:          0          2          0          0          0
   455:          1          1          1          4          0
   460:          1          1          2          1          0
   465:          5          0          2          1          0
   470:          2          0          1          2          2
   475:          1          0          1          0          0
   480:          3          1          1          1          0
   485:          1          1          1          3          0
   490:          1          0          1          1          2
   495:          0          0          1          1          0
   500:          2          0          3          1          0
   505:          1          1          1          1          1
   510:          2          1          0          0          1
   515:          0          0          0          2          0
   520:          0          0          3          2          0
   525:          0          0          0          0          0
   530:          2          0          1          0          2
   535:          0          0          0          0          0
   540:          1          0          0          1          0
   545:          2          0          0          2          2
   550:          2          2          0          0          1
   555:          2          0          0          1          1
   560:          0          0          1          0          5
   565:          2          0          0          1          0
   570:          0          0          2          1          1
   575:          3          0          1          2          0
   580:          1          0          3          1          1
   585:          0          1          0          0          0
   590:          1          1          1          1          0
   595:          1          0          0          1          0
   600:          1          0          0          0          1
   605:          0          0          2          1          0
   610:          1          2          0          0          0
   615:          1          0          0          0          0
   620:          0          0          1          0          0
   625:          0          0          0          0          0
   630:          1          0          0          0          0
   635:          0          1          1          0          0
   640:          0          0          1          1          0
   645:          0          1          0          1          2
   650:          1          1          0          1          1
   655:          1          0          0          1          1
   660:          4          1          0          1          0
   665:          0          2          3          1          0
   670:          0          0          0          1          0
   675:          0          1          1          0          0
   680:          3          1          0          0          1
   685:          1          0          0          1          3
   690:          0          0          0          1          1
   695:          1          2          0          2          1
   700:          1          0          0          1          1
   705:          0          0          2          0          1
   710:          1          0          2          0          0
   715:          0          1          0          2          0
   720:          0          0          1          0          0
   725:          2          1          0          1          0
   730:          1          0          1          0          0
   735:          0          0          2          0          0
   740:          1          0          1          0          0
   745:          0          0          1          0          0
   750:          1          0          0          2          0
   755:          1          0          2          0          0
   760:          0          2          1          1          0
   765:          0          0          0          1          0
   770:          0          0          0          1          0
   775:          1          0          1          0          0
   780:          0          1          0          0          0
   785:          1          1          1          1          1
   790:          0          0          0          0          1
   795:          0          0          1          1          0
   800:          0          0          0          0          1
   805:          1          0          2          2          0
   810:          1          0          0          1          0
   815:          2          2          0          0          0
   820:          0          0          0          2          1
   825:          0          0          0          2          0
   830:          1          0          0          0          0
   835:          0          1          0          0          0
   840:          0          0          1          0          0
   845:          1          0          1          1          0
   850:          0          1          1          0          0
   855:          0          1          1          0          1
   860:          1          0          0          0          0
   865:          0          1          0          0          0
   870:          0          0          0          0          1
   875:          0          0          0          0          0
   880:          0          0          1          0          0
   885:          0          0          1          0          0
   890:          2          0          0          0          0
   895:          0          0          0          0          0
   900:          0          0          0          0          0
   905:          0          0          0          0          0
   910:          1          1          0          1          0
   915:          1          0          0          0          0
   920:          0          1          0          0          0
   925:          0          0          0          0          0
   930:          0          0          1          1          1
   935:          0          0          0          0          1
   940:          0          0          0          0          0
   945:          0          1          0          1          0
   950:          0          0          0          0          0
   955:          0          0          0          0          0
   960:          0          0          0          0          0
   965:          0          0          2          0          0
   970:          1          1          0          1          0
   975:          1          1          0          0          0
   980:          0          1          0          0          0
   985:          1          1          1          0          0
   990:          0          0          0          0          0
   995:          0          0          0          0          0
  1000:          0          0          0          0          0
  1005:          1          0          1          0          0
  1010:          0          0          0          0          1
  1015:          0          0          0          0          0
  1020:          0          1          0          1          1
  1025:          0          0          1          0          0
  1030:          0          1          0          0          0
  1035:          0          0          0          1          2
  1040:          1          0          0          0          1
  1045:          0          0          0          0          0
  1050:          0          0          0          0          0
  1055:          0          0          1          0          1
  1060:          1          0          0          0          0
  1065:          0          1          0          0          0
  1070:          0          0          0          0          0
  1075:          0          0          0          0          0
  1080:          0          0          1          1          0
  1085:          0          0          0          1          0
  1090:          0          0          0          0          0
  1095:          0          0          0          0          1
  1100:          0          0          1          0          0
  1105:          0          0          0          0          2
  1110:          0          1          0          0          0
  1115:          0          0          0          0          1
  1120:          0          0          0          0          1
  1125:          0          0          0          1          0
  1130:          0          0          2          0          0
  1135:          0          0          1          0          0
  1140:          0          1          1          0          0
  1145:          0          0          0          0          0
  1150:          1          0          0          0          0
  1155:          0          1          0          0          0
  1160:          0          1          0          1          0
  1165:          0          0          0          0          0
  1170:          0          0          0          0          0
  1175:          0          0          1          0          0
  1180:          0          1          0          0          0
  1185:          0          0          1          0          0
  1190:          0          0          0          0          0
  1195:          1          0          0          0          0
  1200:          0          0          0          0          0
  1205:          0          0          0          0          0
  1210:          0          0          0          0          0
  1215:          0          0          0          0          1
  1220:          0          0          1          0          0
  1225:          0          0          0          0          0
  1230:          0          0          0          1          0
  1235:          0          0          0          0          0
  1240:          0          0          0          0          0
  1245:          0          2          0          1          0
  1250:          0          0          0          0          0
  1255:          0          0          0          0          0
  1260:          0          1          0          0          0
  1265:          1          0          0          0          0
  1270:          0          0          0          0          0
  1275:          0          0          0          0          0
  1280:          0          0          0          0          0
  1285:          0          1          0          0          1
  1290:          0          0          0          0          0
  1295:          1          0          0          0          0
  1300:          1          0          0          0          0
  1305:          0          0          0          0          0
  1310:          0          0          0          0          0
  1315:          0          0          0          0          0
  1320:          0          0          0          0          0
  1325:          0          0          0          0          0
  1330:          1          1          0          0          0
  1335:          0          0          0          0          1
  1340:          0          0          0          0          1
  1345:          1          0          0          0          1
  1350:          1          0          0          0          0
  1355:          0          0          0          0          0
  1360:          0          0          0          0          0
  1365:          0          0          0          0          0
  1370:          0          0          0          0          0
  1375:          0          0          0          0          0
  1380:          0          0          0          0          0
  1385:          0          1          1          0          0
  1390:          0          0          0          0          0
  1395:          0          0          0          0          0
  1400:          0          1          0          0          0
  1405:          0          0          0          1          0
  1410:          0          0          0          0          0
  1415:          0          0          0          0          0
  1420:          0          0          0          0          0
  1425:          0          0          1          0          0
  1430:          0          0          0          1          0
  1435:          0          0          0          0          0
  1440:          0          0          0          0          0
  1445:          1          0          0          0          0
  1450:          0          1          0          0          0
  1455:          0          1          1          0          1
  1460:          0          0          0          0          1
  1465:          0          0          0          0          0
  1470:          0          0          0          0          0
  1475:          0          0          0          0          0
  1480:          0          0          0          0          0
  1485:          0          0          0          0          0
  1490:          0          0          0          0          0
  1495:          0          1          0          1          0
  1500:          0          0          0          0          0
  1505:          0          0          0          0          0
  1510:          0          0          0          0          0
  1515:          1          0          0          0          0
  1520:          0          0          0          0          0
  1525:          0          0          0          0          1
  1530:          0          0          0          0          0
  1535:          0          0          0          0          0
  1540:          0          0          1          1          0
  1545:          0          0          0          0          1
  1550:          0          0          1          0          0
  1555:          0          0          0          0          0
  1560:          0          0          0          0          0
  1565:          0          0          0          0          0
  1570:          0          0          0          0          1
  1575:          0          0          0          0          0
  1580:          0          0          0          0          0
  1585:          0          0          0          0          0
  1590:          0          0          0          0          0
  1595:          0          0          0          0          0
  1600:          0          0          0          0          0
  1605:          0          0          0          0          0
  1610:          0          0          0          0          0
  1615:          0          0          1          0          0
  1620:          0          0          0          1          0
  1625:          0          0          0          1          0
  1630:          0          0          1          0          0
  1635:          0          0          0          0          0
  1640:          0          1          0          0          0
  1645:          0          0          1          1          0
  1650:          0          0          0          0          0
  1655:          0          0          0          1          0
  1660:          0          0          0          1          0
  1665:          0          0          0          0          0
  1670:          0          0          1          0          0
  1675:          0          0          0          1          0
  1680:          0          0          0          1          0
  1685:          0          0          0          0          0
  1690:          0          0          0          0          0
  1695:          0          0          0          0          0
  1700:          0          0          0          0          0
  1705:          0          0          0          0          0
  1710:          0          0          0          0          1
  1715:          0          0          0          0          0
  1720:          0          0          0          0          0
  1725:          0          0          0          0          0
  1730:          0          0          0          0          0
  1735:          0          0          1          0          0
  1740:          0          0          0          0          0
  1745:          0          0          0          0          0
  1750:          0          0          0          0          0
  1755:          0          0          0          0          0
  1760:          0          0          0          0          0
  1765:          0          0          1          0          0
  1770:          0          0          0          0          0
  1775:          0          0          1          0          0
  1780:          0          0          0          0          0
  1785:          0          1          0          0          1
  1790:          0          0          0          1          0
  1795:          0          1          0          0          1
  1800:          0          0          0          1          0
  1805:          0          0          0          0          0
  1810:          0          0          0          0          0
  1815:          0          0          0          0          0
  1820:          0          0          1          0          0
  1825:          0          0          0          0          0
  1830:          0          0          0          0          0
  1835:          0          0          0          0          0
  1840:          0          0          1          0          0
  1845:          0          0          0          0          0
  1850:          0          0          0          0          0
  1855:          0          0          0          0          0
  1860:          0          0          0          0          0
  1865:          0          0          0          0          0
  1870:          0          0          0          0          0
  1875:          0          0          0          0          0
  1880:          0          0          0          0          0
  1885:          0          0          0          0          0
  1890:          0          0          0          0          0
  1895:          0          0          0          0          0
  1900:          0          0          0          0          0
  1905:          0          0          0          0          0
  1910:          0          0          0          0          0
  1915:          0          0          0          0          0
  1920:          0          0          0          0          0
  1925:          0          0          0          0          0
  1930:          0          0          0          0          0
  1935:          0          0          0          0          0
  1940:          0          0          0          0          0
  1945:          0          0          0          0          0
  1950:          0          0          0          0          0
  1955:          0          0          0          0          0
  1960:          0          0          0          0          0
  1965:          0          0          0          0          0
  1970:          0          0          0          0          0
  1975:          0          0          0          0          0
  1980:          0          0          0          0          0
  1985:          0          0          0          0          0
  1990:          0          0          0          0          0
  1995:          0          0          0          0          0
  2000:          0          0          0          0          0
  2005:          0          0          0          0          0
  2010:          0          0          0          0          0
  2015:          0          0          0          0          0
  2020:          0          0          0          0          0
  2025:          0          0          0          0          0
  2030:          0          0          0          0          0
  2035:          0          0          0          0          0
  2040:          0          0          0          0          0
  2045:          0          0          0
