ACQUISITION INFORMATION

Detector ID:  1
Detector description:
COS12ZBPR3 Easy-MCA-2k SN 16145344
Sample description:
Background
Real Time:  128.599997
Live Time:  128.599997
Acquisition start date:  20Feb2024
Acquisition start time:  11:03:35
Starting channel number:   0
Number of channels:   2048


CALIBRATION INFORMATION

ENERGY CALIBRATION
Units:
Energy Fit:  0.000000E+000  8.379747E-001  0.000000E+000
FWHM Fit:  0.000000E+000  0.000000E+000  0.000000E+000
Efficiency Terms:  0.000000  0.000000  0.000000  0.000000  0.000000
  0.000000  0.000000  0.000000  0.000000  0.000000


SPECTRUM
     0:          0          0          0          0          0
     5:         14         22         21          7          8
    10:         12          6          4          7          3
    15:          7          2          2          3          5
    20:          3          3          2          2          6
    25:          2          3          4          3          3
    30:          5          1          3          3          5
    35:         10          6          5          7          8
    40:          4          2          2          3          2
    45:          5          4          1          3          2
    50:          0          1          5          0          3
    55:          1          1          4          4          3
    60:          0          1          3          2          2
    65:          1          2          1          0          2
    70:          1          2          1          3          0
    75:          1          2          1          2          4
    80:         10          4          4          2          3
    85:          3          5          5          3          7
    90:          9          4         10          5          7
    95:          7          4          3         11         11
   100:          6          8          9          7         13
   105:          7          6          6          5          3
   110:          4          2          6          8          7
   115:          3          2          4          7          7
   120:          4         10          3          4          6
   125:          2          3          8          6          3
   130:          1          1          2          3          3
   135:          5          5          9          1          6
   140:          4          4          5          4          6
   145:         12          4          3          1          5
   150:          8          4          5          5          7
   155:          5          5          3          4          2
   160:          3         12          1          5          4
   165:          3          6          2          4          1
   170:          6          5          1          3          9
   175:          3          4          2          4          4
   180:          4          2          1          5          3
   185:          2          6          2          4          2
   190:          5          0          2          4          1
   195:          5          6          6          1          2
   200:          4          2          1          2          3
   205:          0          2          3          4          2
   210:          5          2          1          3          1
   215:          4          4          2          4          0
   220:          1          0          1          1          1
   225:          1          2          2          3          2
   230:          1          1          1          1          0
   235:          3          1          2          2          1
   240:          2          8          4          1          1
   245:          2          1          2          4          4
   250:          4          3          2          1          1
   255:          2          1          2          2          3
   260:          2          0          3          1          4
   265:          1          1          0          1          3
   270:          3          0          1          2          2
   275:          1          2          2          0          2
   280:          1          1          4          1          2
   285:          2          3          3          1          3
   290:          2          1          0          2          2
   295:          1          1          1          2          0
   300:          2          1          0          1          2
   305:          1          1          1          6          2
   310:          0          0          2          2          1
   315:          2          1          0          0          4
   320:          0          2          0          1          1
   325:          1          2          1          2          2
   330:          2          3          0          2          1
   335:          0          2          2          0          0
   340:          3          0          0          2          1
   345:          0          0          2          1          1
   350:          1          2          1          0          1
   355:          0          1          0          0          1
   360:          1          0          0          2          1
   365:          0          0          0          0          0
   370:          0          3          1          1          0
   375:          2          2          0          3          2
   380:          2          0          0          1          1
   385:          1          3          0          1          0
   390:          0          0          4          3          1
   395:          0          0          0          0          2
   400:          1          3          0          0          0
   405:          0          1          1          1          2
   410:          2          1          0          0          0
   415:          1          0          1          0          0
   420:          1          0          0          1          0
   425:          3          2          1          0          1
   430:          1          0          0          1          1
   435:          0          1          0          0          0
   440:          1          1          0          0          0
   445:          0          0          0          3          0
   450:          1          1          0          0          0
   455:          1          0          0          1          0
   460:          0          1          0          1          0
   465:          0          0          0          0          0
   470:          0          0          0          0          0
   475:          0          1          0          0          0
   480:          0          1          2          0          0
   485:          0          0          0          1          0
   490:          1          0          0          1          0
   495:          0          1          1          0          0
   500:          1          0          0          0          0
   505:          2          2          1          0          0
   510:          0          3          0          0          0
   515:          1          0          1          1          0
   520:          0          0          0          0          0
   525:          0          0          1          0          0
   530:          0          0          0          0          0
   535:          1          0          0          0          0
   540:          0          0          1          0          0
   545:          0          0          0          0          0
   550:          0          0          0          0          0
   555:          0          0          0          0          1
   560:          0          0          1          1          0
   565:          1          0          0          0          0
   570:          1          0          0          1          0
   575:          0          1          1          0          0
   580:          3          1          0          2          1
   585:          0          0          1          1          0
   590:          0          1          0          3          0
   595:          0          1          0          0          0
   600:          0          0          1          1          0
   605:          1          0          1          0          0
   610:          1          0          1          0          1
   615:          0          0          1          0          0
   620:          0          0          0          0          0
   625:          0          1          0          1          0
   630:          0          0          0          0          0
   635:          1          0          0          1          0
   640:          0          0          0          0          0
   645:          1          1          0          0          0
   650:          0          0          0          0          0
   655:          0          0          0          0          0
   660:          0          0          1          0          0
   665:          1          0          0          0          1
   670:          1          0          1          0          0
   675:          0          0          0          0          0
   680:          0          1          1          1          1
   685:          0          1          1          1          0
   690:          0          0          0          1          1
   695:          1          0          0          0          0
   700:          0          1          1          0          1
   705:          0          0          0          0          0
   710:          0          0          1          0          0
   715:          0          0          0          0          0
   720:          0          0          0          0          1
   725:          0          0          0          0          0
   730:          0          0          0          0          0
   735:          0          0          0          0          0
   740:          0          0          0          0          0
   745:          0          0          0          1          0
   750:          0          1          0          0          0
   755:          0          2          0          0          0
   760:          0          1          0          1          0
   765:          0          0          1          0          1
   770:          0          0          0          0          0
   775:          0          0          1          0          0
   780:          1          0          0          0          0
   785:          0          0          0          1          1
   790:          0          0          0          0          0
   795:          0          0          0          0          0
   800:          0          1          0          0          0
   805:          1          0          0          0          0
   810:          0          0          0          0          0
   815:          0          0          0          0          0
   820:          3          0          0          0          1
   825:          0          0          0          1          0
   830:          0          0          0          0          0
   835:          0          0          0          1          1
   840:          0          0          0          0          0
   845:          0          0          0          0          0
   850:          0          0          0          0          0
   855:          0          0          0          0          0
   860:          1          0          0          0          0
   865:          0          0          1          0          0
   870:          0          0          1          0          0
   875:          0          0          0          0          0
   880:          0          0          2          0          0
   885:          0          0          0          0          0
   890:          0          0          0          0          0
   895:          1          0          0          0          0
   900:          0          0          0          0          0
   905:          0          0          0          0          0
   910:          0          2          0          0          0
   915:          0          0          0          0          0
   920:          0          0          0          0          0
   925:          2          0          0          0          0
   930:          0          0          0          0          0
   935:          0          1          0          0          0
   940:          0          2          0          0          0
   945:          0          0          1          0          0
   950:          0          1          0          0          0
   955:          0          0          0          0          0
   960:          0          0          0          1          0
   965:          0          0          0          0          0
   970:          0          0          0          1          0
   975:          0          0          0          0          0
   980:          0          0          0          0          0
   985:          0          0          0          0          0
   990:          0          0          0          0          0
   995:          0          0          0          0          0
  1000:          0          0          0          0          0
  1005:          0          0          1          0          0
  1010:          1          0          0          0          0
  1015:          0          0          0          0          0
  1020:          0          0          0          0          0
  1025:          0          0          0          0          0
  1030:          0          0          0          0          0
  1035:          1          0          0          0          0
  1040:          1          0          0          0          0
  1045:          1          3          0          0          0
  1050:          1          1          0          0          0
  1055:          0          0          0          0          0
  1060:          0          0          0          0          0
  1065:          0          0          0          0          0
  1070:          0          0          0          0          0
  1075:          0          0          0          0          1
  1080:          0          0          0          1          0
  1085:          0          0          0          0          0
  1090:          0          0          1          0          1
  1095:          1          0          0          1          0
  1100:          0          0          0          0          0
  1105:          0          0          0          0          0
  1110:          0          0          0          0          0
  1115:          0          0          0          0          0
  1120:          0          0          1          0          0
  1125:          0          0          0          0          0
  1130:          0          0          1          0          0
  1135:          1          1          0          0          1
  1140:          0          0          0          0          0
  1145:          0          0          0          0          0
  1150:          1          0          0          0          0
  1155:          0          0          0          0          0
  1160:          0          0          0          0          0
  1165:          0          0          0          0          0
  1170:          0          0          0          0          0
  1175:          0          0          0          0          0
  1180:          0          1          0          1          0
  1185:          0          0          0          0          1
  1190:          0          0          1          0          0
  1195:          1          0          0          0          0
  1200:          0          0          1          0          0
  1205:          0          0          0          0          0
  1210:          0          0          0          0          0
  1215:          0          0          0          0          0
  1220:          0          0          0          0          0
  1225:          0          0          0          0          0
  1230:          0          0          0          0          0
  1235:          0          0          0          0          0
  1240:          0          0          1          0          0
  1245:          0          0          0          0          0
  1250:          0          0          0          1          0
  1255:          0          0          0          0          0
  1260:          0          0          0          0          0
  1265:          0          0          0          1          0
  1270:          0          0          0          0          0
  1275:          1          0          0          0          0
  1280:          1          0          0          0          0
  1285:          0          1          0          0          0
  1290:          0          0          0          0          0
  1295:          1          0          0          0          0
  1300:          0          0          0          0          0
  1305:          0          0          0          0          0
  1310:          0          0          0          0          0
  1315:          0          0          0          0          0
  1320:          0          0          0          0          0
  1325:          0          0          0          0          0
  1330:          0          1          0          0          0
  1335:          1          0          1          0          0
  1340:          0          0          0          0          0
  1345:          0          0          0          0          0
  1350:          0          0          0          0          0
  1355:          0          0          0          0          0
  1360:          0          0          0          0          0
  1365:          0          0          0          0          0
  1370:          0          0          0          0          0
  1375:          0          0          0          0          0
  1380:          0          0          1          0          0
  1385:          0          0          0          0          0
  1390:          0          0          0          1          0
  1395:          0          0          0          0          0
  1400:          0          0          0          0          0
  1405:          0          0          0          0          0
  1410:          0          0          0          0          1
  1415:          0          0          0          0          1
  1420:          0          0          0          0          0
  1425:          0          0          0          0          0
  1430:          0          0          0          0          0
  1435:          0          0          0          0          0
  1440:          0          0          0          0          0
  1445:          0          0          0          0          1
  1450:          0          0          0          0          0
  1455:          0          1          0          0          0
  1460:          0          0          0          0          0
  1465:          0          0          0          0          0
  1470:          0          0          0          1          0
  1475:          0          0          0          0          0
  1480:          0          0          0          0          0
  1485:          0          0          0          0          1
  1490:          0          0          0          0          0
  1495:          0          0          0          0          0
  1500:          0          0          0          0          0
  1505:          0          0          0          0          0
  1510:          0          0          0          0          0
  1515:          0          0          1          0          0
  1520:          0          0          0          0          0
  1525:          0          0          0          0          0
  1530:          0          0          0          0          0
  1535:          0          0          0          0          0
  1540:          0          0          0          1          0
  1545:          0          0          0          0          0
  1550:          0          0          0          0          0
  1555:          0          0          0          0          0
  1560:          0          0          0          1          0
  1565:          0          0          0          0          0
  1570:          0          0          0          0          0
  1575:          0          0          0          0          0
  1580:          0          1          1          0          0
  1585:          0          0          0          0          0
  1590:          0          0          0          0          0
  1595:          0          0          0          0          0
  1600:          0          0          0          0          0
  1605:          0          0          0          0          0
  1610:          0          0          0          0          0
  1615:          0          0          0          0          0
  1620:          0          0          0          0          0
  1625:          0          0          0          0          0
  1630:          0          0          0          0          0
  1635:          0          0          0          0          0
  1640:          0          0          0          0          0
  1645:          0          0          0          0          0
  1650:          0          0          0          0          0
  1655:          0          0          0          0          0
  1660:          0          0          0          0          0
  1665:          0          0          0          0          0
  1670:          0          0          0          0          0
  1675:          0          0          0          0          0
  1680:          0          0          0          0          0
  1685:          0          0          1          0          0
  1690:          0          0          0          0          0
  1695:          0          0          0          0          0
  1700:          0          0          0          0          0
  1705:          0          0          0          0          0
  1710:          0          1          0          0          0
  1715:          0          0          0          0          0
  1720:          0          0          0          0          0
  1725:          0          0          0          0          0
  1730:          0          0          0          0          0
  1735:          0          0          0          0          0
  1740:          0          0          0          0          0
  1745:          0          0          0          0          0
  1750:          0          0          0          0          0
  1755:          0          0          0          0          0
  1760:          0          0          0          0          0
  1765:          0          0          0          0          0
  1770:          0          0          0          0          0
  1775:          0          0          0          0          0
  1780:          0          0          0          0          0
  1785:          0          0          0          0          0
  1790:          0          0          1          0          0
  1795:          0          0          0          0          0
  1800:          0          0          0          0          0
  1805:          0          0          0          0          0
  1810:          0          1          0          0          0
  1815:          0          0          0          0          0
  1820:          0          0          0          0          0
  1825:          0          0          0          0          0
  1830:          0          0          0          0          0
  1835:          0          0          0          0          0
  1840:          0          1          0          0          0
  1845:          0          0          0          0          0
  1850:          0          0          0          0          0
  1855:          0          0          0          0          0
  1860:          0          0          0          0          0
  1865:          0          0          0          0          0
  1870:          0          0          0          0          0
  1875:          0          0          0          0          0
  1880:          0          0          0          0          0
  1885:          0          0          0          0          0
  1890:          0          0          0          0          0
  1895:          0          0          0          0          0
  1900:          0          0          0          0          0
  1905:          0          0          0          0          0
  1910:          0          0          0          0          0
  1915:          0          0          0          0          0
  1920:          0          0          0          0          0
  1925:          0          0          0          0          0
  1930:          0          0          0          0          0
  1935:          0          0          0          0          0
  1940:          0          0          0          0          0
  1945:          0          0          0          0          0
  1950:          0          0          0          0          0
  1955:          0          0          0          0          0
  1960:          0          0          0          0          0
  1965:          0          0          0          0          0
  1970:          0          0          0          0          0
  1975:          0          0          0          0          0
  1980:          0          0          0          0          0
  1985:          0          0          0          0          0
  1990:          0          0          0          0          0
  1995:          0          0          0          0          0
  2000:          0          0          0          0          0
  2005:          0          0          0          0          0
  2010:          0          0          0          0          0
  2015:          0          0          0          0          0
  2020:          0          0          0          0          0
  2025:          0          0          0          0          0
  2030:          0          0          0          0          0
  2035:          0          0          0          0          0
  2040:          0          0          0          0          0
  2045:          0          0          0
