ACQUISITION INFORMATION

Detector ID:  1
Detector description:
COS12ZBPR3 Easy-MCA-2k SN 16145344
Sample description:
Background
Real Time:  276.019994
Live Time:  275.999994
Acquisition start date:  20Feb2024
Acquisition start time:  11:18:05
Starting channel number:   0
Number of channels:   2048


CALIBRATION INFORMATION

ENERGY CALIBRATION
Units:
Energy Fit:  0.000000E+000  8.379747E-001  0.000000E+000
FWHM Fit:  0.000000E+000  0.000000E+000  0.000000E+000
Efficiency Terms:  0.000000  0.000000  0.000000  0.000000  0.000000
  0.000000  0.000000  0.000000  0.000000  0.000000


SPECTRUM
     0:          0          0          0          0          0
     5:         20         61         42         12         11
    10:         10         11         12         11         11
    15:          9          9          8          5          6
    20:          8          4          6          7          8
    25:          6          6          3         13          5
    30:          6          5          5         14         12
    35:          9         11         13         12         15
    40:         10         13         13          7          6
    45:          4          5          6          1          3
    50:          4          1          5          2          9
    55:          4          5          8          2          4
    60:         10          9          3          4          9
    65:          3         12          2          9          2
    70:          5          5          9          6         10
    75:          6         10          9          9          5
    80:          9          8         10          6          4
    85:          8          9         10          6         14
    90:         10         15         11         11         17
    95:         15         15         13         15          9
   100:         16         17         17         10         18
   105:         19         11         17         12          8
   110:          8         12          9         13         14
   115:          8          9         15         11         11
   120:          9          8         11          6          8
   125:          7          9         11          8          9
   130:          8          7          4          7          7
   135:         10          8          6          3          7
   140:         13          8          8         13          7
   145:          3          8         11          8          6
   150:          7         10          9          8          4
   155:         14          9          6          8         12
   160:          7         11         14         10          7
   165:          3          7          6          7          3
   170:         10         12          9          7          4
   175:          6          8         10          9         11
   180:          5          7          5         11          8
   185:          4          5         10          7          5
   190:          5          7          8          4          7
   195:          7          8          8          7          9
   200:          3          4          6          4          7
   205:          8          7          6          5          5
   210:          5          5          3          8          7
   215:          4          6          5          4          6
   220:          7          5          6          5          6
   225:          8          6          7          5          5
   230:          6          3          9          4          5
   235:          1          6          4          5          3
   240:          3          2          3          4          9
   245:          5          0          6          2          5
   250:          3          3          4          4          5
   255:          3          8          6          5          7
   260:          3          4          2          5          3
   265:          4          2          1          2          4
   270:          6          6          1          6          8
   275:          3          5          4          1          2
   280:          3          2          1          3          1
   285:          5          1          0          4          3
   290:          5          2          5          2          4
   295:          4          3          2          3          6
   300:          2          3          5          2          2
   305:          5          0          2          7          1
   310:          1          1          1          1          2
   315:          0          2          5          2          4
   320:          5          3          3          6          2
   325:          3          2          1          0          2
   330:          2          2          0          2          3
   335:          0          2          3          1          1
   340:          4          4          2          2          3
   345:          3          2          2          3          3
   350:          1          2          2          1          0
   355:          0          0          0          4          3
   360:          0          1          3          3          4
   365:          2          2          6          1          0
   370:          2          0          2          1          2
   375:          2          1          3          1          2
   380:          1          1          0          3          0
   385:          3          1          4          3          1
   390:          1          0          1          2          1
   395:          1          1          0          2          0
   400:          0          4          2          2          4
   405:          1          1          0          2          2
   410:          2          1          1          0          3
   415:          1          4          0          2          0
   420:          2          4          0          2          0
   425:          2          2          3          3          0
   430:          2          3          0          4          1
   435:          0          3          2          1          4
   440:          1          2          1          0          2
   445:          4          0          0          0          0
   450:          3          1          0          3          4
   455:          1          1          3          0          0
   460:          2          1          1          1          0
   465:          2          1          1          5          1
   470:          1          0          0          1          3
   475:          1          2          1          0          1
   480:          1          1          0          2          1
   485:          2          1          0          2          3
   490:          1          1          1          2          2
   495:          1          1          0          1          1
   500:          0          2          0          1          1
   505:          2          2          0          0          0
   510:          0          0          0          0          1
   515:          2          2          0          3          0
   520:          1          2          0          1          2
   525:          0          3          1          0          0
   530:          1          0          2          2          0
   535:          0          1          0          1          1
   540:          1          1          2          1          0
   545:          0          0          1          0          0
   550:          1          0          0          0          0
   555:          0          0          0          1          1
   560:          2          1          1          0          2
   565:          0          1          3          3          0
   570:          0          0          1          1          1
   575:          0          0          0          0          1
   580:          0          0          1          0          0
   585:          0          0          0          1          1
   590:          0          0          0          1          1
   595:          0          0          1          0          0
   600:          2          0          1          0          1
   605:          0          0          1          0          0
   610:          2          0          0          0          0
   615:          0          2          0          0          1
   620:          1          0          1          1          1
   625:          1          0          0          0          1
   630:          0          1          1          0          0
   635:          0          2          0          0          0
   640:          2          0          0          0          0
   645:          1          0          1          1          0
   650:          0          1          0          0          2
   655:          1          0          0          0          1
   660:          1          0          0          1          1
   665:          0          0          0          1          0
   670:          1          0          0          0          0
   675:          2          0          0          0          0
   680:          0          1          0          0          1
   685:          0          0          1          0          2
   690:          1          0          0          0          1
   695:          1          0          0          2          0
   700:          0          0          0          1          0
   705:          0          1          1          1          0
   710:          1          1          0          0          0
   715:          0          1          1          0          0
   720:          0          0          2          2          0
   725:          0          0          0          0          1
   730:          0          0          0          0          1
   735:          1          0          0          0          0
   740:          1          0          0          1          0
   745:          0          0          1          0          2
   750:          0          0          0          2          0
   755:          0          2          0          0          1
   760:          0          0          0          0          1
   765:          0          0          0          1          0
   770:          0          0          1          0          0
   775:          0          0          0          0          0
   780:          1          1          0          0          0
   785:          0          1          0          0          1
   790:          0          1          0          0          0
   795:          1          2          0          1          0
   800:          0          1          0          0          0
   805:          1          2          0          0          1
   810:          0          1          1          0          1
   815:          0          1          1          0          0
   820:          0          1          0          1          0
   825:          1          2          1          1          0
   830:          0          1          1          1          1
   835:          0          1          0          0          2
   840:          0          0          0          0          1
   845:          1          0          1          0          0
   850:          1          0          0          0          0
   855:          0          0          1          1          0
   860:          0          1          0          0          0
   865:          0          0          0          1          1
   870:          0          0          1          0          0
   875:          0          0          0          0          1
   880:          0          0          0          0          0
   885:          1          0          0          0          0
   890:          1          0          1          0          0
   895:          0          0          0          0          0
   900:          0          0          1          0          0
   905:          0          0          0          0          0
   910:          0          0          1          0          1
   915:          0          0          0          0          0
   920:          0          0          0          0          0
   925:          0          0          0          0          0
   930:          0          0          0          1          0
   935:          0          0          0          1          0
   940:          1          0          0          0          0
   945:          0          0          0          0          2
   950:          0          0          0          0          0
   955:          0          1          0          1          0
   960:          0          0          0          0          0
   965:          0          0          0          0          0
   970:          0          0          0          0          0
   975:          0          0          0          0          0
   980:          0          0          0          1          3
   985:          0          0          0          0          0
   990:          2          0          0          1          0
   995:          0          0          0          0          0
  1000:          1          0          0          0          0
  1005:          1          0          0          0          0
  1010:          0          2          0          0          0
  1015:          0          0          0          0          0
  1020:          0          0          0          0          0
  1025:          0          0          1          0          0
  1030:          1          0          0          0          1
  1035:          0          1          0          0          1
  1040:          0          0          0          1          1
  1045:          0          0          0          0          0
  1050:          0          0          0          1          0
  1055:          0          0          1          0          0
  1060:          0          0          1          0          0
  1065:          0          0          0          0          0
  1070:          0          0          0          0          0
  1075:          0          0          0          0          0
  1080:          0          0          0          0          1
  1085:          0          0          0          0          0
  1090:          1          0          0          0          1
  1095:          1          0          0          0          0
  1100:          0          0          0          1          0
  1105:          0          1          1          0          0
  1110:          0          0          0          0          0
  1115:          0          1          0          0          0
  1120:          0          0          0          0          1
  1125:          0          0          0          0          0
  1130:          0          0          0          1          0
  1135:          0          0          0          1          0
  1140:          0          0          0          0          0
  1145:          0          0          0          0          0
  1150:          0          1          0          0          1
  1155:          0          0          2          0          0
  1160:          1          0          0          0          0
  1165:          1          1          0          2          0
  1170:          0          0          1          0          0
  1175:          0          0          1          0          0
  1180:          0          1          0          0          0
  1185:          0          0          0          0          1
  1190:          0          0          0          0          0
  1195:          0          0          0          0          0
  1200:          0          0          0          0          0
  1205:          0          0          0          0          1
  1210:          0          1          0          0          0
  1215:          1          0          0          0          0
  1220:          0          0          1          0          1
  1225:          0          0          0          0          0
  1230:          0          1          0          0          0
  1235:          0          0          0          0          1
  1240:          0          0          0          1          0
  1245:          0          0          0          0          0
  1250:          0          0          0          0          0
  1255:          0          0          0          0          0
  1260:          0          0          0          0          1
  1265:          0          0          0          0          0
  1270:          0          0          0          0          0
  1275:          0          1          0          0          0
  1280:          0          0          1          0          0
  1285:          0          0          0          0          0
  1290:          0          0          0          1          0
  1295:          0          1          0          0          0
  1300:          1          0          0          0          0
  1305:          0          1          0          0          0
  1310:          0          0          1          0          0
  1315:          0          0          0          1          0
  1320:          0          0          0          0          0
  1325:          0          0          1          0          0
  1330:          0          0          0          0          0
  1335:          0          0          0          0          0
  1340:          0          0          0          0          1
  1345:          0          0          0          0          2
  1350:          0          0          0          0          0
  1355:          1          0          0          0          0
  1360:          0          0          0          0          0
  1365:          0          0          0          0          0
  1370:          0          0          1          0          0
  1375:          0          0          0          1          1
  1380:          1          0          0          0          0
  1385:          0          0          1          0          0
  1390:          0          0          0          0          0
  1395:          0          1          0          0          1
  1400:          1          0          0          0          0
  1405:          0          0          0          0          0
  1410:          0          0          0          0          0
  1415:          0          0          0          0          0
  1420:          0          0          0          0          0
  1425:          0          0          0          0          0
  1430:          0          1          0          1          0
  1435:          0          0          0          0          0
  1440:          0          1          0          0          0
  1445:          0          1          1          0          0
  1450:          0          0          0          0          0
  1455:          0          0          0          0          0
  1460:          0          0          1          0          0
  1465:          0          0          0          0          0
  1470:          0          0          0          0          0
  1475:          0          0          0          1          0
  1480:          1          0          0          0          0
  1485:          0          0          2          0          0
  1490:          0          1          0          0          0
  1495:          0          0          0          0          0
  1500:          0          0          0          1          0
  1505:          0          0          0          0          0
  1510:          0          0          0          0          0
  1515:          0          0          0          0          0
  1520:          0          0          0          0          0
  1525:          0          0          1          0          0
  1530:          0          0          0          1          0
  1535:          0          0          0          0          0
  1540:          0          1          0          0          0
  1545:          0          0          0          0          0
  1550:          0          0          0          0          0
  1555:          0          0          0          0          0
  1560:          0          0          0          0          0
  1565:          0          1          0          0          0
  1570:          0          0          0          0          0
  1575:          0          0          0          0          0
  1580:          0          0          0          0          0
  1585:          0          0          0          0          0
  1590:          0          0          0          0          0
  1595:          0          0          0          0          1
  1600:          0          0          0          0          0
  1605:          0          0          0          0          0
  1610:          0          0          0          0          0
  1615:          1          0          0          0          0
  1620:          0          1          0          0          0
  1625:          0          1          0          0          0
  1630:          0          0          1          0          0
  1635:          0          0          0          0          0
  1640:          0          0          0          0          0
  1645:          0          0          0          0          0
  1650:          0          0          0          0          0
  1655:          0          0          0          0          0
  1660:          0          0          0          0          0
  1665:          1          1          0          1          0
  1670:          0          0          0          0          0
  1675:          0          0          0          0          0
  1680:          0          0          0          0          0
  1685:          0          0          0          0          0
  1690:          0          0          0          0          0
  1695:          0          0          0          0          0
  1700:          0          0          0          0          0
  1705:          0          1          0          0          0
  1710:          0          0          0          0          0
  1715:          0          0          0          1          1
  1720:          0          0          0          0          0
  1725:          0          1          0          0          0
  1730:          0          1          0          0          0
  1735:          0          0          0          0          0
  1740:          0          0          0          0          0
  1745:          0          0          0          1          0
  1750:          0          0          0          0          0
  1755:          0          0          0          0          0
  1760:          0          0          0          0          0
  1765:          0          1          0          0          0
  1770:          0          0          0          0          1
  1775:          0          0          0          0          0
  1780:          0          0          0          0          0
  1785:          0          0          0          0          1
  1790:          0          1          0          0          0
  1795:          0          0          0          0          0
  1800:          0          1          0          0          0
  1805:          0          0          0          0          0
  1810:          1          0          0          0          0
  1815:          0          0          1          0          0
  1820:          0          0          0          0          0
  1825:          0          0          0          0          0
  1830:          0          0          0          0          0
  1835:          0          0          0          0          0
  1840:          0          0          0          0          0
  1845:          0          0          0          0          0
  1850:          0          1          0          0          0
  1855:          0          0          0          0          0
  1860:          0          0          0          0          0
  1865:          0          0          0          0          0
  1870:          0          0          0          0          0
  1875:          0          0          0          0          0
  1880:          0          0          0          0          0
  1885:          0          0          0          0          0
  1890:          0          0          0          0          0
  1895:          0          0          0          0          0
  1900:          0          0          0          0          0
  1905:          0          0          0          0          0
  1910:          0          0          0          0          0
  1915:          0          0          0          0          0
  1920:          0          0          0          0          0
  1925:          0          0          0          0          0
  1930:          0          0          0          0          0
  1935:          0          0          0          0          0
  1940:          0          0          0          0          0
  1945:          0          0          0          0          0
  1950:          0          0          0          0          0
  1955:          0          0          0          0          0
  1960:          0          0          0          0          0
  1965:          0          0          0          0          0
  1970:          0          0          0          0          0
  1975:          0          0          0          0          0
  1980:          0          0          0          0          0
  1985:          0          0          0          0          0
  1990:          0          0          0          0          0
  1995:          0          0          0          0          0
  2000:          0          0          0          0          0
  2005:          0          0          0          0          0
  2010:          0          0          0          0          0
  2015:          0          0          0          0          0
  2020:          0          0          0          0          0
  2025:          0          0          0          0          0
  2030:          0          0          0          0          0
  2035:          0          0          0          0          0
  2040:          0          0          0          0          0
  2045:          0          0          0
