ACQUISITION INFORMATION

Detector ID:  1
Detector description:
COS12ZBPR3 Easy-MCA-2k SN 16145344
Sample description:
Background
Real Time:  61.339999
Live Time:  60.899999
Acquisition start date:  20Feb2024
Acquisition start time:  12:45:35
Starting channel number:   0
Number of channels:   2048


CALIBRATION INFORMATION

ENERGY CALIBRATION
Units:
Energy Fit:  0.000000E+000  8.379747E-001  0.000000E+000
FWHM Fit:  0.000000E+000  0.000000E+000  0.000000E+000
Efficiency Terms:  0.000000  0.000000  0.000000  0.000000  0.000000
  0.000000  0.000000  0.000000  0.000000  0.000000


SPECTRUM
     0:          0          0          0          0          0
     5:         10         50         49         51         42
    10:         64         59         47         60         48
    15:         53         45         60         51         56
    20:         66         53         41         47         50
    25:         53         51         73         43         56
    30:         61         71         65         68         61
    35:         61         68         60         57         58
    40:         49         57         57         50         38
    45:         58         52         60         55         60
    50:         52         46         39         58         50
    55:         49         41         53         70         51
    60:         54         57         63         58         57
    65:         60         50         52         54         42
    70:         57         62         49         62         58
    75:         58         49         56         54         57
    80:         54         61         55         49         49
    85:         56         53         57         54         51
    90:         62         59         54         53         62
    95:         49         61         49         48         64
   100:         62         73         69         47         52
   105:         58         69         50         57         64
   110:         63         57         58         64         53
   115:         53         63         60         47         52
   120:         51         49         59         42         53
   125:         54         52         57         48         53
   130:         51         55         52         55         45
   135:         61         52         66         53         50
   140:         57         46         44         42         50
   145:         44         61         42         44         57
   150:         49         48         52         52         50
   155:         39         50         58         48         46
   160:         49         50         61         56         47
   165:         52         42         58         59         46
   170:         51         48         47         53         71
   175:         68         57         50         45         59
   180:         38         48         51         45         39
   185:         37         70         58         60         44
   190:         60         52         65         49         38
   195:         62         67         61         51         56
   200:         65         44         63         57         42
   205:         53         53         55         58         67
   210:         56         56         60         41         53
   215:         41         42         46         60         56
   220:         61         52         56         62         63
   225:         64         58         61         63         59
   230:         58         54         53         45         59
   235:         53         72         55         59         52
   240:         59         52         57         62         63
   245:         54         56         74         69         78
   250:         62         57         64         69         72
   255:         81         70         70         72         73
   260:         78         57         69         92         79
   265:         79         93         61         73         78
   270:         76         72         77         78         90
   275:         90         63         92         74         69
   280:         79         80         70         73         71
   285:         91         66         87         76         81
   290:         75         68         83         78         78
   295:         99         88         84         53         74
   300:         54         73         87         64         84
   305:         68         73         79         65         69
   310:         69         77         64         65         61
   315:         70         53         73         69         62
   320:         78         70         68         63         66
   325:         59         73         65         60         68
   330:         58         60         58         54         75
   335:         58         69         62         74         76
   340:         63         70         65         60         57
   345:         50         58         50         61         63
   350:         54         62         60         63         51
   355:         54         64         69         58         79
   360:         69         65         51         62         60
   365:         65         60         53         65         59
   370:         50         63         63         52         61
   375:         58         44         56         57         66
   380:         62         46         53         62         48
   385:         43         60         67         68         55
   390:         61         52         56         68         64
   395:         55         60         47         53         48
   400:         46         57         56         68         43
   405:         45         54         54         48         71
   410:         59         49         62         62         63
   415:         58         72         66         45         68
   420:         46         42         53         49         48
   425:         61         65         54         57         50
   430:         57         58         58         55         48
   435:         58         54         54         43         56
   440:         47         57         47         64         48
   445:         44         48         64         55         48
   450:         50         55         57         63         53
   455:         47         44         49         37         43
   460:         52         50         55         56         47
   465:         61         54         47         46         52
   470:         45         50         57         45         40
   475:         48         64         48         54         50
   480:         48         51         48         41         43
   485:         59         47         45         53         64
   490:         59         50         41         47         54
   495:         45         45         62         39         47
   500:         48         53         56         48         41
   505:         49         49         37         50         47
   510:         52         57         41         52         43
   515:         54         46         50         56         48
   520:         61         48         47         46         55
   525:         42         56         62         47         47
   530:         46         46         51         58         48
   535:         44         49         50         46         51
   540:         48         47         48         46         59
   545:         37         49         38         46         61
   550:         41         51         62         46         50
   555:         51         47         54         41         51
   560:         60         45         48         52         52
   565:         43         48         50         48         42
   570:         40         56         52         50         46
   575:         44         37         46         43         46
   580:         50         55         57         44         52
   585:         45         51         51         56         47
   590:         54         59         53         49         50
   595:         44         46         45         47         41
   600:         59         41         54         46         48
   605:         42         49         41         53         50
   610:         45         44         47         58         41
   615:         54         39         44         36         53
   620:         44         38         58         47         47
   625:         56         61         58         41         51
   630:         41         52         43         45         39
   635:         39         56         50         50         46
   640:         44         50         52         41         50
   645:         55         52         36         41         41
   650:         54         48         54         44         61
   655:         51         39         49         45         50
   660:         34         43         40         34         37
   665:         52         50         51         39         47
   670:         34         54         40         41         53
   675:         43         45         55         63         44
   680:         44         46         51         58         60
   685:         41         45         46         46         39
   690:         52         40         48         48         38
   695:         49         45         50         44         57
   700:         44         48         54         36         43
   705:         49         52         42         46         33
   710:         49         32         50         41         34
   715:         44         52         47         33         51
   720:         35         48         44         60         66
   725:         42         45         55         51         50
   730:         53         47         56         45         38
   735:         50         47         49         35         47
   740:         48         44         49         37         64
   745:         36         54         54         51         48
   750:         48         63         51         47         36
   755:         41         37         46         55         42
   760:         54         52         61         50         48
   765:         49         44         48         52         45
   770:         40         41         44         55         43
   775:         55         43         58         62         57
   780:         33         54         47         36         37
   785:         47         56         54         62         45
   790:         53         44         40         54         64
   795:         39         46         50         54         55
   800:         51         43         45         42         52
   805:         49         57         37         52         41
   810:         48         55         49         54         41
   815:         40         51         57         43         51
   820:         60         49         55         44         47
   825:         54         42         52         44         44
   830:         53         48         60         53         58
   835:         46         36         36         49         57
   840:         48         55         55         51         49
   845:         52         41         55         46         49
   850:         54         43         43         56         46
   855:         44         45         45         48         54
   860:         44         55         49         55         54
   865:         45         41         55         58         55
   870:         47         51         49         46         60
   875:         42         42         42         58         47
   880:         45         37         48         49         42
   885:         51         55         44         54         46
   890:         49         48         56         54         49
   895:         54         65         55         52         51
   900:         61         48         34         48         48
   905:         62         40         44         44         46
   910:         58         41         60         42         42
   915:         47         49         55         46         42
   920:         48         41         61         54         55
   925:         53         40         53         76         58
   930:         59         54         53         44         48
   935:         46         56         51         56         40
   940:         43         46         47         54         53
   945:         43         48         51         40         51
   950:         62         51         50         37         54
   955:         47         49         49         42         50
   960:         47         56         36         49         46
   965:         55         60         52         60         45
   970:         43         53         44         52         47
   975:         55         54         59         53         56
   980:         72         50         50         51         49
   985:         45         57         63         62         48
   990:         38         47         45         49         45
   995:         54         59         48         39         52
  1000:         55         46         47         48         58
  1005:         64         52         56         37         56
  1010:         58         55         51         62         74
  1015:         40         48         43         61         79
  1020:         49         57         57         58         53
  1025:         61         66         50         55         58
  1030:         55         52         53         47         62
  1035:         41         62         55         51         54
  1040:         58         48         56         52         57
  1045:         55         56         63         66         47
  1050:         72         62         64         70         60
  1055:         57         54         60         50         58
  1060:         52         58         59         56         43
  1065:         58         46         72         47         47
  1070:         55         54         48         48         50
  1075:         52         47         58         65         64
  1080:         62         46         46         55         44
  1085:         57         61         47         58         57
  1090:         60         61         50         65         56
  1095:         39         36         55         55         47
  1100:         57         63         65         64         45
  1105:         54         49         52         61         44
  1110:         50         53         56         63         45
  1115:         47         40         63         58         47
  1120:         53         51         52         45         54
  1125:         51         63         46         48         42
  1130:         54         64         45         47         46
  1135:         38         60         40         50         33
  1140:         39         50         50         39         51
  1145:         36         45         47         46         40
  1150:         36         25         44         33         42
  1155:         33         45         42         39         48
  1160:         47         30         38         51         41
  1165:         51         38         42         36         43
  1170:         44         50         28         42         35
  1175:         39         43         43         43         36
  1180:         35         45         39         36         35
  1185:         41         45         22         40         35
  1190:         35         34         34         41         38
  1195:         36         42         33         34         39
  1200:         35         46         36         38         30
  1205:         41         30         26         38         37
  1210:         40         45         31         37         36
  1215:         32         44         32         26         34
  1220:         32         36         35         32         34
  1225:         38         48         30         32         36
  1230:         41         24         36         48         41
  1235:         38         38         47         38         37
  1240:         31         42         28         31         39
  1245:         32         27         40         35         40
  1250:         39         41         19         43         40
  1255:         40         37         32         32         30
  1260:         35         50         36         43         40
  1265:         34         32         36         46         32
  1270:         44         53         36         46         42
  1275:         44         36         31         48         47
  1280:         39         39         34         45         39
  1285:         41         42         33         51         45
  1290:         46         39         49         41         34
  1295:         46         48         47         49         49
  1300:         51         46         31         41         44
  1305:         60         43         48         54         54
  1310:         65         43         63         49         44
  1315:         61         55         57         57         55
  1320:         52         42         56         63         61
  1325:         48         55         53         55         55
  1330:         62         62         67         75         74
  1335:         60         71         71         67         69
  1340:         75         78         72         65         70
  1345:         67         61         75         82         70
  1350:         80         68         75         66         64
  1355:         69         79         65         58         70
  1360:         82         78         62         74         67
  1365:         72         84         85         71         64
  1370:         75         75         74         80         78
  1375:         79         76         79         64         78
  1380:         84         75         73         60         83
  1385:         76         71         66         90         78
  1390:         71         72         77         80         63
  1395:         82         80         72         73         80
  1400:         93         76         68         80         62
  1405:         82         82         72         81         70
  1410:         69         65         81         65         69
  1415:         59         77         78         78         64
  1420:         74         76         54         65         67
  1425:         73         58         57         57         67
  1430:         78         56         54         55         54
  1435:         58         56         48         56         66
  1440:         52         56         45         52         44
  1445:         42         49         48         55         53
  1450:         46         56         55         28         47
  1455:         51         49         31         37         36
  1460:         49         30         48         41         49
  1465:         35         37         38         37         31
  1470:         40         34         44         39         39
  1475:         36         37         43         31         31
  1480:         34         44         47         34         42
  1485:         44         39         37         41         34
  1490:         33         45         37         33         35
  1495:         68         39         39         41         51
  1500:         45         32         41         36         37
  1505:         39         46         42         33         32
  1510:         52         36         50         40         32
  1515:         47         45         44         45         50
  1520:         46         57         39         44         47
  1525:         45         38         34         41         48
  1530:         30         56         42         47         44
  1535:         51         47         41         46         42
  1540:         52         53         44         41         39
  1545:         44         59         57         56         51
  1550:         60         47         58         53         52
  1555:         53         50         64         53         46
  1560:         49         57         61         53         64
  1565:         59         58         50         52         53
  1570:         51         58         62         53         51
  1575:         54         58         67         56         53
  1580:         48         52         47         68         51
  1585:         49         49         61         45         55
  1590:         59         47         59         47         52
  1595:         50         50         51         55         53
  1600:         45         54         55         47         45
  1605:         45         49         45         37         41
  1610:         35         51         31         59         44
  1615:         38         46         44         31         45
  1620:         47         35         41         33         37
  1625:         47         26         33         51         39
  1630:         35         40         27         22         37
  1635:         32         29         21         29         25
  1640:         28         25         20         24         31
  1645:         20         22         30         17         20
  1650:         25         21         22         19         17
  1655:         19         16         11         16         10
  1660:         20         18         15         21         14
  1665:         10         14         12          5         12
  1670:         12         13          9         14          9
  1675:          9          7          7         16          7
  1680:          5          8          7          9         12
  1685:          4          9          5          9          5
  1690:          4          6          3          9          3
  1695:          2          4          9          3          4
  1700:          2          3          6          4          3
  1705:          3          2          2          5          5
  1710:          3          6          3          2          7
  1715:          3          5          1          2          6
  1720:          8          3          0          5          4
  1725:          8          3          3          3          2
  1730:          2          2          1          3          3
  1735:          2          4          4          3          2
  1740:          3          2          0          1          1
  1745:          1          5          1          4          2
  1750:          5          3          8          1          4
  1755:          2          2          3          0          2
  1760:          2          3          1          2          2
  1765:          6          2          2          1          3
  1770:          2          1          2          0          1
  1775:          4          3          0          3          3
  1780:          5          4          1          3          1
  1785:          1          2          3          3          3
  1790:          3          1          3          1          2
  1795:          3          1          1          1          3
  1800:          3          0          3          4          2
  1805:          4          4          3          3          0
  1810:          1          1          0          4          3
  1815:          4          1          1          0          4
  1820:          1          1          1          1          3
  1825:          6          3          3          2          3
  1830:          4          1          2          6          2
  1835:          2          1          2          1          1
  1840:          6          3          0          1          4
  1845:          2          0          2          3          1
  1850:          2          2          4          3          1
  1855:          3          3          3          1          2
  1860:          0          1          2          2          2
  1865:          1          0          0          0          0
  1870:          0          0          0          0          0
  1875:          0          0          0          0          0
  1880:          0          0          0          0          0
  1885:          0          0          0          0          0
  1890:          0          0          0          0          0
  1895:          0          0          0          0          0
  1900:          0          0          0          0          0
  1905:          0          0          0          0          0
  1910:          0          0          0          0          0
  1915:          0          0          0          0          0
  1920:          0          0          0          0          0
  1925:          0          0          0          0          0
  1930:          0          0          0          0          0
  1935:          0          0          0          0          0
  1940:          0          0          0          0          0
  1945:          0          0          0          0          0
  1950:          0          0          0          0          0
  1955:          0          0          0          0          0
  1960:          0          0          0          0          0
  1965:          0          0          0          0          0
  1970:          0          0          0          0          0
  1975:          0          0          0          0          0
  1980:          0          0          0          0          0
  1985:          0          0          0          0          0
  1990:          0          0          0          0          0
  1995:          0          0          0          0          0
  2000:          0          0          0          0          0
  2005:          0          0          0          0          0
  2010:          0          0          0          0          0
  2015:          0          0          0          0          0
  2020:          0          0          0          0          0
  2025:          0          0          0          0          0
  2030:          0          0          0          0          0
  2035:          0          0          0          0          0
  2040:          0          0          0          0          0
  2045:          0          0          0
