ACQUISITION INFORMATION

Detector ID:  1
Detector description:
COS12ZBPR3 Easy-MCA-2k SN 16145344
Sample description:
Background
Real Time:  62.199999
Live Time:  61.759999
Acquisition start date:  20Feb2024
Acquisition start time:  12:42:48
Starting channel number:   0
Number of channels:   2048


CALIBRATION INFORMATION

ENERGY CALIBRATION
Units:
Energy Fit:  0.000000E+000  8.379747E-001  0.000000E+000
FWHM Fit:  0.000000E+000  0.000000E+000  0.000000E+000
Efficiency Terms:  0.000000  0.000000  0.000000  0.000000  0.000000
  0.000000  0.000000  0.000000  0.000000  0.000000


SPECTRUM
     0:          0          0          0          0          0
     5:         15         57         49         38         48
    10:         41         47         35         44         48
    15:         44         54         41         49         52
    20:         68         52         50         44         50
    25:         43         57         51         45         45
    30:         57         60         52         61         52
    35:         58         58         62         71         55
    40:         67         55         53         63         54
    45:         38         59         55         56         50
    50:         46         47         63         46         50
    55:         54         65         47         43         45
    60:         58         49         59         49         54
    65:         56         32         63         50         56
    70:         48         51         53         46         53
    75:         48         61         54         62         51
    80:         74         54         57         66         63
    85:         54         58         51         56         52
    90:         70         53         60         56         64
    95:         65         67         71         53         60
   100:         60         48         53         65         65
   105:         59         62         53         53         55
   110:         52         49         45         53         53
   115:         52         53         54         62         65
   120:         62         70         53         64         51
   125:         57         59         54         49         43
   130:         48         47         44         52         66
   135:         67         53         62         65         53
   140:         55         51         44         50         55
   145:         50         49         51         47         71
   150:         57         47         50         61         55
   155:         54         69         50         49         50
   160:         64         41         55         51         52
   165:         52         58         53         60         55
   170:         42         53         43         59         68
   175:         58         49         54         52         51
   180:         67         50         56         51         54
   185:         55         46         68         59         57
   190:         59         54         46         60         55
   195:         56         55         57         65         50
   200:         46         66         57         56         58
   205:         60         63         53         63         60
   210:         52         61         51         48         56
   215:         42         57         60         46         51
   220:         62         53         46         48         58
   225:         63         53         53         53         53
   230:         63         48         56         57         52
   235:         57         63         60         57         47
   240:         55         58         54         65         60
   245:         51         45         60         75         64
   250:         57         55         77         73         64
   255:         65         66         71         96         60
   260:         81         82        102         68         70
   265:         83         69         76         86         79
   270:         62         90         86         90         70
   275:         80         68         67         83         71
   280:         77         79         75         85         84
   285:         81         66         86         85         81
   290:         61         68         69         60         70
   295:         91         90         80         87         74
   300:         67         87         64         67         81
   305:         74         67         56         87         67
   310:         74         67         84         62         66
   315:         59         63         64         59         70
   320:         61         69         59         47         61
   325:         66         53         46         53         62
   330:         63         55         68         74         61
   335:         68         55         69         57         54
   340:         68         63         64         68         72
   345:         64         59         52         68         66
   350:         59         71         65         52         53
   355:         62         59         75         65         57
   360:         70         64         63         65         43
   365:         57         60         49         55         55
   370:         53         51         51         78         64
   375:         60         60         47         45         53
   380:         66         71         43         49         52
   385:         52         57         59         59         51
   390:         58         56         56         59         54
   395:         46         78         53         45         63
   400:         61         60         51         46         47
   405:         67         57         42         44         53
   410:         56         55         40         49         52
   415:         51         50         48         55         61
   420:         49         73         55         52         63
   425:         57         49         41         62         50
   430:         61         53         50         55         56
   435:         44         68         42         56         50
   440:         58         55         52         57         44
   445:         60         68         51         56         53
   450:         53         53         41         51         51
   455:         63         40         57         41         52
   460:         56         52         50         54         51
   465:         49         48         41         48         40
   470:         43         57         40         44         48
   475:         67         48         51         63         68
   480:         50         58         51         54         49
   485:         45         48         66         56         46
   490:         41         50         53         54         43
   495:         47         55         52         55         40
   500:         46         49         56         62         55
   505:         47         43         46         43         60
   510:         55         46         49         55         55
   515:         44         59         42         53         60
   520:         55         48         47         55         53
   525:         47         54         59         41         50
   530:         44         52         51         61         66
   535:         44         64         45         51         33
   540:         47         54         56         58         55
   545:         60         60         49         49         56
   550:         43         40         44         47         48
   555:         43         47         53         55         55
   560:         54         49         58         38         38
   565:         46         49         40         49         57
   570:         53         57         47         51         51
   575:         46         55         48         52         48
   580:         55         53         45         56         50
   585:         41         42         48         45         48
   590:         54         66         51         52         53
   595:         62         54         40         45         46
   600:         46         60         44         45         51
   605:         54         45         52         51         51
   610:         44         48         35         49         40
   615:         31         56         47         44         54
   620:         49         59         42         40         57
   625:         45         38         57         48         35
   630:         40         47         52         56         44
   635:         45         52         49         37         56
   640:         53         50         48         59         36
   645:         42         43         41         50         38
   650:         44         44         42         54         44
   655:         55         45         57         50         46
   660:         49         54         49         47         49
   665:         45         50         44         52         45
   670:         48         40         46         46         41
   675:         51         36         33         46         59
   680:         57         50         43         42         28
   685:         44         57         43         43         51
   690:         52         48         57         52         37
   695:         41         41         53         51         48
   700:         49         43         52         49         56
   705:         44         53         34         55         45
   710:         63         45         45         50         57
   715:         49         48         55         43         44
   720:         56         44         52         37         38
   725:         45         46         44         52         41
   730:         40         44         40         62         62
   735:         47         54         54         41         37
   740:         52         41         38         45         50
   745:         48         51         47         52         49
   750:         50         45         42         58         48
   755:         46         39         48         46         50
   760:         56         67         47         53         43
   765:         56         47         46         41         49
   770:         54         47         53         44         49
   775:         49         54         46         44         56
   780:         52         42         52         44         59
   785:         49         46         45         55         62
   790:         46         55         51         49         59
   795:         45         40         37         47         48
   800:         48         48         54         35         55
   805:         51         59         52         42         48
   810:         40         49         41         41         57
   815:         56         46         52         55         61
   820:         62         44         60         40         46
   825:         48         46         40         52         47
   830:         40         55         46         52         61
   835:         51         62         37         48         46
   840:         43         54         58         45         52
   845:         57         53         58         46         40
   850:         50         58         59         51         48
   855:         41         53         47         56         61
   860:         38         59         54         51         48
   865:         44         52         41         57         51
   870:         45         53         55         53         35
   875:         55         57         52         49         54
   880:         45         56         54         55         60
   885:         61         56         42         62         57
   890:         37         57         56         57         49
   895:         64         49         42         38         47
   900:         52         49         49         41         61
   905:         46         51         56         62         45
   910:         41         54         59         46         56
   915:         54         45         50         52         62
   920:         62         53         48         53         52
   925:         56         51         55         56         51
   930:         50         44         58         60         55
   935:         54         48         58         59         54
   940:         49         64         46         52         60
   945:         59         51         66         51         54
   950:         55         51         60         46         57
   955:         53         51         50         73         55
   960:         58         58         41         60         48
   965:         49         48         66         53         44
   970:         56         50         53         47         51
   975:         47         55         42         59         43
   980:         55         48         56         53         57
   985:         41         67         52         50         46
   990:         66         49         44         54         43
   995:         65         59         55         47         59
  1000:         50         62         51         65         55
  1005:         47         68         44         43         56
  1010:         54         61         57         47         61
  1015:         49         59         64         55         37
  1020:         58         62         60         48         55
  1025:         55         55         47         45         39
  1030:         58         61         47         65         79
  1035:         46         61         61         70         58
  1040:         71         52         58         64         65
  1045:         58         59         56         53         45
  1050:         63         56         59         45         59
  1055:         47         49         70         65         60
  1060:         57         55         65         59         57
  1065:         69         66         51         57         71
  1070:         54         70         64         59         52
  1075:         61         62         57         61         65
  1080:         49         63         52         56         46
  1085:         53         60         56         56         48
  1090:         55         53         57         54         57
  1095:         56         47         44         48         51
  1100:         42         61         57         50         43
  1105:         56         54         41         54         62
  1110:         49         51         61         63         48
  1115:         52         53         40         55         45
  1120:         50         51         48         51         41
  1125:         58         48         33         63         46
  1130:         48         49         51         45         55
  1135:         41         41         41         30         44
  1140:         41         46         43         45         41
  1145:         38         43         37         44         40
  1150:         41         51         47         42         44
  1155:         46         42         45         49         47
  1160:         45         36         35         45         36
  1165:         40         33         42         41         47
  1170:         36         46         36         36         49
  1175:         34         47         36         33         39
  1180:         50         38         46         28         29
  1185:         42         34         27         28         37
  1190:         45         33         36         40         42
  1195:         34         37         33         23         35
  1200:         29         38         42         37         44
  1205:         40         48         48         34         35
  1210:         34         35         41         36         31
  1215:         34         32         43         33         37
  1220:         35         27         32         38         38
  1225:         43         27         33         35         32
  1230:         37         39         37         35         35
  1235:         31         42         38         37         35
  1240:         36         34         31         31         33
  1245:         33         38         38         42         31
  1250:         42         34         31         45         29
  1255:         40         31         36         34         41
  1260:         40         31         41         32         44
  1265:         27         43         44         43         37
  1270:         37         38         43         34         30
  1275:         49         39         33         35         23
  1280:         45         42         41         32         41
  1285:         42         53         44         47         44
  1290:         38         54         42         42         48
  1295:         43         45         42         42         39
  1300:         44         47         48         52         50
  1305:         52         53         50         65         42
  1310:         53         61         56         52         43
  1315:         52         53         50         56         70
  1320:         62         46         52         49         48
  1325:         52         59         63         56         67
  1330:         53         60         71         61         60
  1335:         62         71         55         64         61
  1340:         68         68         50         61         77
  1345:         69         71         78         70         55
  1350:         77         77         70         68         73
  1355:         77         71         75         67         74
  1360:         70         62         74         66         77
  1365:         70         88         72         79         86
  1370:         72         64         65         87         66
  1375:         83         71         67         70         65
  1380:         88         81         78         79         60
  1385:         63         69         81         73         79
  1390:         77         73         85         98         56
  1395:         66         74         81         87         74
  1400:         72         77         79         68         68
  1405:         65         75         64         68         71
  1410:         75         74         72         66         79
  1415:         77         89         68         71         73
  1420:         85         78         39         67         64
  1425:         61         56         75         67         76
  1430:         57         69         65         62         52
  1435:         47         49         61         67         58
  1440:         51         48         51         55         55
  1445:         37         56         41         54         44
  1450:         44         45         37         51         50
  1455:         43         56         38         54         47
  1460:         34         37         35         43         48
  1465:         37         43         38         45         43
  1470:         31         32         35         40         47
  1475:         38         28         34         29         48
  1480:         32         39         40         24         43
  1485:         39         39         29         33         33
  1490:         26         42         31         47         38
  1495:         33         45         43         33         34
  1500:         33         37         41         47         34
  1505:         42         43         38         43         43
  1510:         46         48         39         39         44
  1515:         38         39         55         52         44
  1520:         40         37         38         54         45
  1525:         46         52         42         47         43
  1530:         39         47         43         53         36
  1535:         55         52         51         51         43
  1540:         42         52         60         48         44
  1545:         40         58         43         45         51
  1550:         57         50         50         43         54
  1555:         67         44         61         42         50
  1560:         49         48         62         55         64
  1565:         49         64         60         59         57
  1570:         58         53         40         57         60
  1575:         57         60         48         66         60
  1580:         46         67         66         54         53
  1585:         59         51         61         59         49
  1590:         57         50         48         58         40
  1595:         59         65         49         57         60
  1600:         55         43         53         50         49
  1605:         44         36         43         42         52
  1610:         55         53         47         54         46
  1615:         39         33         53         45         34
  1620:         37         32         41         29         38
  1625:         34         43         32         40         30
  1630:         29         27         35         30         29
  1635:         33         43         36         33         24
  1640:         25         29         29         16         28
  1645:         25         29         19         23         19
  1650:         18         21         22         21         14
  1655:         21         24         16         15         17
  1660:         14         18         13         11         16
  1665:         21         11         14          5         15
  1670:          6         13         11         12         14
  1675:         11         13          8         18          3
  1680:         17          8         11          9         13
  1685:          5          8          2          7         13
  1690:          6         11          5          6          4
  1695:          9          6          5          5          6
  1700:          3          2          0          3          5
  1705:          7          3          3          9          3
  1710:          1          5          4          5          2
  1715:          2          4          3          1          1
  1720:          4          3          5          5          1
  1725:          4          6          1          4          5
  1730:          1          0          4          1          4
  1735:          1          2          6          3          7
  1740:          3          3          4          2          3
  1745:          2          1          1          1          2
  1750:          1          1          1          1          3
  1755:          1          3          1          2          4
  1760:          2          1          1          1          1
  1765:          2          4          7          5          0
  1770:          3          7          1          3          2
  1775:          6          3          7          2          2
  1780:          2          5          5          5          2
  1785:          2          3          1          1          2
  1790:          0          1          3          3          1
  1795:          5          2          4          2          5
  1800:          0          2          3          2          3
  1805:          2          2          6          2          3
  1810:          2          0          1          1          1
  1815:          1          0          4          5          4
  1820:          1          3          0          0          4
  1825:          2          2          2          2          0
  1830:          0          4          4          2          0
  1835:          3          2          4          2          4
  1840:          2          1          1          1          5
  1845:          3          3          4          1          2
  1850:          4          2          0          2          2
  1855:          3          1          0          3          4
  1860:          1          1          1          2          0
  1865:          3          0          2          0          0
  1870:          0          0          0          0          0
  1875:          0          0          0          0          0
  1880:          0          0          0          0          0
  1885:          0          0          0          0          0
  1890:          0          0          0          0          0
  1895:          0          0          0          0          0
  1900:          0          0          0          0          0
  1905:          0          0          0          0          0
  1910:          0          0          0          0          0
  1915:          0          0          0          0          0
  1920:          1          0          0          0          0
  1925:          0          0          0          0          0
  1930:          0          0          0          0          0
  1935:          0          0          0          0          0
  1940:          0          0          0          0          0
  1945:          0          0          0          0          0
  1950:          0          0          0          0          0
  1955:          0          0          0          0          0
  1960:          0          0          0          0          0
  1965:          0          0          0          0          0
  1970:          0          0          0          0          0
  1975:          0          0          0          0          0
  1980:          0          0          0          0          0
  1985:          0          0          0          0          0
  1990:          0          0          0          0          0
  1995:          0          0          0          0          0
  2000:          0          0          0          0          0
  2005:          0          0          0          0          0
  2010:          0          0          0          0          0
  2015:          0          0          0          0          0
  2020:          0          0          0          0          0
  2025:          0          0          0          0          0
  2030:          0          0          0          0          0
  2035:          0          0          0          0          0
  2040:          0          0          0          0          0
  2045:          0          0          0
