ACQUISITION INFORMATION

Detector ID:  1
Detector description:
COS12ZBPR3 Easy-MCA-2k SN 16145344
Sample description:
Background
Real Time:  63.519999
Live Time:  63.079999
Acquisition start date:  20Feb2024
Acquisition start time:  12:48:04
Starting channel number:   0
Number of channels:   2048


CALIBRATION INFORMATION

ENERGY CALIBRATION
Units:
Energy Fit:  0.000000E+000  8.379747E-001  0.000000E+000
FWHM Fit:  0.000000E+000  0.000000E+000  0.000000E+000
Efficiency Terms:  0.000000  0.000000  0.000000  0.000000  0.000000
  0.000000  0.000000  0.000000  0.000000  0.000000


SPECTRUM
     0:          0          0          0          0          0
     5:         18         56         64         49         47
    10:         50         45         55         52         54
    15:         59         55         60         55         62
    20:         62         57         51         34         61
    25:         53         50         52         46         69
    30:         62         65         49         53         54
    35:         57         74         60         52         67
    40:         68         64         49         60         74
    45:         61         57         62         40         48
    50:         47         54         47         52         54
    55:         64         79         56         60         54
    60:         66         52         51         68         57
    65:         47         50         54         58         52
    70:         50         47         60         52         59
    75:         43         62         61         60         57
    80:         54         55         65         59         45
    85:         61         61         68         62         55
    90:         60         73         72         64         59
    95:         44         78         53         63         70
   100:         58         58         53         58         58
   105:         57         57         42         52         53
   110:         65         55         49         58         58
   115:         46         47         54         58         50
   120:         54         59         53         47         64
   125:         56         55         65         61         53
   130:         70         55         48         44         59
   135:         49         54         46         54         56
   140:         43         51         58         48         65
   145:         51         57         51         53         54
   150:         62         56         57         52         54
   155:         53         55         57         54         63
   160:         60         63         45         55         47
   165:         53         54         58         61         52
   170:         57         75         46         61         52
   175:         57         57         63         66         61
   180:         55         42         50         61         66
   185:         66         49         72         64         48
   190:         45         56         56         55         55
   195:         67         65         54         59         43
   200:         58         60         57         55         39
   205:         61         55         69         59         54
   210:         59         47         50         53         44
   215:         68         63         51         63         54
   220:         68         55         65         50         64
   225:         54         53         66         62         50
   230:         66         57         67         46         58
   235:         60         56         59         56         63
   240:         56         49         68         51         58
   245:         58         61         64         61         80
   250:         61         74         62         71         66
   255:         65         75         76         64         76
   260:         60         76         81         78         59
   265:         91         94         90         85         88
   270:         81         90         93         94         74
   275:         64         76         87         78         74
   280:         84         97         77         93         76
   285:         83         64         79         81         73
   290:         71         65        100         92         75
   295:         82         72         81         81         69
   300:         67         81         68         80         78
   305:         87         85         81         71         71
   310:         54         71         66         72         70
   315:         83         73         58         67         66
   320:         67         48         67         83         66
   325:         80         74         61         69         72
   330:         68         78         75         73         58
   335:         54         81         62         57         57
   340:         57         51         61         51         68
   345:         68         67         69         53         64
   350:         57         46         73         67         71
   355:         77         70         69         65         55
   360:         66         53         60         56         44
   365:         62         56         60         65         63
   370:         58         51         57         58         57
   375:         59         43         63         55         58
   380:         60         69         61         66         49
   385:         52         60         48         64         56
   390:         62         57         57         56         58
   395:         56         66         55         59         52
   400:         45         50         54         54         64
   405:         60         53         46         52         50
   410:         52         54         62         59         48
   415:         61         77         62         44         67
   420:         57         55         56         44         56
   425:         54         58         45         51         55
   430:         46         51         48         46         54
   435:         62         51         55         57         53
   440:         48         52         58         62         45
   445:         54         65         51         50         67
   450:         44         47         69         42         51
   455:         51         46         58         58         52
   460:         51         55         66         53         49
   465:         59         54         57         65         42
   470:         58         54         58         60         57
   475:         47         54         53         46         58
   480:         49         60         50         58         48
   485:         38         50         54         42         52
   490:         59         69         50         41         39
   495:         40         65         47         47         54
   500:         49         65         45         59         45
   505:         60         63         55         43         40
   510:         38         51         55         57         41
   515:         51         48         60         60         40
   520:         42         46         34         52         46
   525:         48         44         48         51         61
   530:         45         57         50         45         52
   535:         44         60         47         47         49
   540:         47         54         53         53         57
   545:         41         65         45         54         57
   550:         46         47         41         45         41
   555:         58         47         63         47         51
   560:         34         48         64         46         46
   565:         52         49         45         58         46
   570:         53         48         59         52         50
   575:         48         51         47         47         53
   580:         54         35         44         51         59
   585:         72         56         64         55         52
   590:         59         44         62         49         55
   595:         44         47         39         58         50
   600:         47         53         53         56         38
   605:         52         43         57         45         35
   610:         50         50         43         42         49
   615:         50         59         55         50         59
   620:         42         53         50         46         44
   625:         49         49         35         57         52
   630:         43         61         45         35         60
   635:         48         57         46         42         53
   640:         52         59         49         36         38
   645:         52         53         61         48         39
   650:         60         41         53         54         59
   655:         53         44         52         41         53
   660:         53         45         59         42         68
   665:         52         46         35         50         59
   670:         53         62         58         43         40
   675:         37         49         53         52         49
   680:         49         63         47         45         58
   685:         55         48         53         40         40
   690:         45         56         36         41         52
   695:         34         38         58         45         49
   700:         53         49         38         70         57
   705:         45         58         57         42         54
   710:         46         52         56         38         29
   715:         49         50         56         42         51
   720:         42         50         53         44         56
   725:         43         41         35         48         43
   730:         53         59         49         51         58
   735:         44         45         55         44         42
   740:         64         48         45         55         48
   745:         46         65         41         53         36
   750:         54         50         50         48         60
   755:         49         52         54         51         48
   760:         63         56         54         51         41
   765:         57         50         50         55         59
   770:         61         50         46         54         53
   775:         63         46         56         59         53
   780:         46         45         62         60         50
   785:         53         40         55         57         47
   790:         64         48         59         44         57
   795:         67         45         55         51         54
   800:         45         42         44         58         37
   805:         49         53         57         48         57
   810:         47         63         62         52         56
   815:         40         41         52         53         49
   820:         48         46         38         42         37
   825:         37         57         56         44         59
   830:         54         54         48         42         56
   835:         40         53         57         46         63
   840:         49         56         46         52         57
   845:         66         65         50         56         53
   850:         49         57         47         70         52
   855:         48         50         47         54         53
   860:         65         44         56         56         45
   865:         52         53         60         42         49
   870:         48         61         59         65         62
   875:         55         52         56         48         49
   880:         35         58         62         59         51
   885:         45         57         47         49         64
   890:         48         59         40         48         45
   895:         41         46         47         55         52
   900:         51         41         45         53         60
   905:         48         44         59         54         58
   910:         54         53         50         60         61
   915:         43         59         62         48         37
   920:         55         47         55         31         58
   925:         52         64         57         73         56
   930:         54         59         58         49         61
   935:         56         57         45         60         56
   940:         49         56         44         55         57
   945:         45         61         49         63         46
   950:         42         61         53         44         63
   955:         59         50         64         55         65
   960:         56         47         43         56         52
   965:         70         51         48         43         50
   970:         46         72         54         61         58
   975:         54         54         61         55         58
   980:         44         76         48         62         50
   985:         55         49         48         51         58
   990:         48         51         38         65         63
   995:         53         61         48         61         51
  1000:         58         71         60         50         60
  1005:         63         55         63         52         53
  1010:         51         62         66         48         54
  1015:         68         51         53         66         61
  1020:         57         58         70         50         53
  1025:         73         46         51         57         51
  1030:         64         57         70         64         56
  1035:         68         63         60         65         45
  1040:         52         58         72         69         56
  1045:         63         52         56         62         59
  1050:         71         58         62         57         44
  1055:         68         52         55         54         52
  1060:         61         55         60         68         44
  1065:         56         61         55         59         49
  1070:         68         73         58         60         66
  1075:         50         67         58         51         65
  1080:         69         46         52         54         53
  1085:         51         58         65         66         59
  1090:         45         60         50         72         58
  1095:         50         56         55         65         46
  1100:         55         51         55         54         38
  1105:         60         55         58         62         61
  1110:         56         50         51         45         57
  1115:         51         65         42         43         50
  1120:         51         53         55         49         49
  1125:         56         45         51         47         57
  1130:         47         50         43         54         37
  1135:         57         35         43         33         52
  1140:         47         33         33         45         35
  1145:         38         56         46         51         51
  1150:         45         37         50         40         37
  1155:         42         47         40         44         49
  1160:         40         53         38         29         38
  1165:         41         42         37         38         40
  1170:         45         40         33         52         51
  1175:         41         39         32         36         40
  1180:         46         42         41         27         42
  1185:         43         34         40         45         44
  1190:         49         33         49         47         25
  1195:         45         27         44         46         24
  1200:         34         45         44         27         36
  1205:         36         49         23         38         39
  1210:         56         40         30         45         50
  1215:         39         31         29         49         40
  1220:         31         37         49         26         37
  1225:         34         34         35         29         43
  1230:         42         29         44         25         43
  1235:         37         32         42         45         36
  1240:         50         33         41         27         44
  1245:         25         40         41         43         36
  1250:         37         36         50         42         40
  1255:         33         45         48         33         32
  1260:         42         48         36         39         42
  1265:         49         43         36         46         40
  1270:         33         48         37         39         46
  1275:         51         40         39         45         37
  1280:         55         47         50         42         38
  1285:         49         28         46         51         49
  1290:         51         40         55         44         56
  1295:         47         46         52         55         37
  1300:         47         37         40         45         60
  1305:         53         48         56         58         53
  1310:         45         54         59         68         64
  1315:         71         60         64         61         58
  1320:         59         71         60         77         63
  1325:         68         55         62         61         62
  1330:         55         68         62         61         58
  1335:         54         49         82         71         70
  1340:         64         54         59         68         76
  1345:         62         69         70         64         72
  1350:         84         60         69         77         84
  1355:         62         70         88         71         78
  1360:         90         88         83         80         65
  1365:         82         86         67         74         73
  1370:         88         71         92         81         62
  1375:         80         85         61         77         84
  1380:         64         70         77         80         87
  1385:         79         74         82         70         88
  1390:         79         75         72         67         66
  1395:         92         73         82         72         80
  1400:         71         82         76         80         67
  1405:         68         65         65         68         81
  1410:         79         79         73         85         70
  1415:         73         76         69         61         59
  1420:         68         60         77         59         56
  1425:         78         55         58         65         55
  1430:         71         55         49         50         57
  1435:         64         59         57         60         61
  1440:         49         55         47         52         55
  1445:         48         62         46         41         60
  1450:         43         36         53         49         43
  1455:         41         34         33         39         37
  1460:         40         50         38         44         50
  1465:         48         34         37         38         39
  1470:         43         40         44         26         44
  1475:         31         33         36         32         37
  1480:         45         35         40         31         44
  1485:         45         46         33         47         34
  1490:         44         41         32         37         31
  1495:         30         42         52         42         38
  1500:         43         37         44         43         39
  1505:         37         38         42         45         40
  1510:         49         42         50         44         40
  1515:         40         44         46         29         49
  1520:         47         58         46         49         49
  1525:         37         50         47         45         49
  1530:         36         52         47         51         51
  1535:         54         38         54         45         44
  1540:         48         43         47         53         52
  1545:         46         46         55         44         58
  1550:         60         48         50         60         52
  1555:         67         64         53         62         42
  1560:         62         57         62         68         68
  1565:         57         50         43         51         61
  1570:         53         57         53         65         55
  1575:         56         61         70         46         61
  1580:         47         48         62         54         56
  1585:         56         50         54         51         54
  1590:         43         58         45         47         58
  1595:         58         50         52         45         47
  1600:         54         43         49         39         52
  1605:         50         51         46         37         57
  1610:         46         39         46         34         49
  1615:         37         44         41         40         27
  1620:         41         38         39         34         37
  1625:         28         35         19         33         32
  1630:         36         36         35         32         26
  1635:         31         28         24         26         33
  1640:         23         27         34         20         22
  1645:         23         20         21         20         13
  1650:         29         20         18         16         20
  1655:         21         15         17         23         22
  1660:         25         17          9         21         17
  1665:         18          9         14         11         17
  1670:          8          9         14         11         13
  1675:         10         10         15         15          4
  1680:          6          8          8          8         10
  1685:          7          4          7          6          3
  1690:         11          6          6          6          6
  1695:          7          3          3          7          1
  1700:          5          7         13          2          5
  1705:          9          1          0          4          2
  1710:          2          2          4          5          6
  1715:          6          8          2          4          3
  1720:          4          6          4          2          6
  1725:          6          4          2          2          5
  1730:          3          1          5          1          2
  1735:          4          1          8          1          5
  1740:          2          3          3          6          4
  1745:          3          2          1          4          2
  1750:          3          2          4          3          0
  1755:          2          4          2          1          0
  1760:          4          3          2          4          4
  1765:          0          3          3          0          2
  1770:          2          3          7          0          6
  1775:          3          3          4          3          2
  1780:          0          4          1          6          2
  1785:          2          2          2          7          1
  1790:          2          0          3          5          5
  1795:          2          3          1          3          0
  1800:          0          5          2          2          2
  1805:          2          2          4          2          3
  1810:          3          5          0          7          0
  1815:          5          0          4          3          2
  1820:          2          1          1          2          1
  1825:          1          3          5          2          2
  1830:          4          0          5          1          5
  1835:          5          5          2          4          1
  1840:          4          2          0          1          1
  1845:          4          2          0          1          2
  1850:          3          2          3          1          5
  1855:          1          0          4          2          2
  1860:          2          1          2          1          0
  1865:          1          0          0          0          0
  1870:          0          0          0          0          0
  1875:          0          0          0          0          0
  1880:          0          0          1          0          0
  1885:          0          0          0          0          0
  1890:          0          0          0          0          0
  1895:          0          0          0          0          0
  1900:          0          0          0          0          0
  1905:          0          0          0          0          0
  1910:          0          0          0          0          0
  1915:          0          0          0          0          0
  1920:          0          0          0          0          0
  1925:          0          0          0          0          0
  1930:          0          0          0          0          0
  1935:          0          0          0          0          0
  1940:          0          0          0          0          0
  1945:          0          0          0          0          0
  1950:          0          0          0          0          0
  1955:          0          0          0          0          0
  1960:          0          0          0          0          0
  1965:          0          0          0          0          0
  1970:          0          0          0          0          0
  1975:          0          0          0          0          0
  1980:          0          0          0          0          0
  1985:          0          0          0          0          0
  1990:          0          0          0          0          0
  1995:          0          0          0          0          0
  2000:          0          0          0          0          0
  2005:          0          0          0          0          0
  2010:          0          0          0          0          0
  2015:          0          0          0          0          0
  2020:          0          0          0          0          0
  2025:          0          0          0          0          0
  2030:          0          0          0          0          0
  2035:          0          0          0          0          0
  2040:          0          0          0          0          0
  2045:          0          0          0
