ACQUISITION INFORMATION

Detector ID:  1
Detector description:
COS12ZBPR3 Easy-MCA-2k SN 16145344
Sample description:
Background
Real Time:  11.380000
Live Time:  11.340000
Acquisition start date:  22Feb2024
Acquisition start time:  11:19:51
Starting channel number:   0
Number of channels:   2048


CALIBRATION INFORMATION

ENERGY CALIBRATION
Units:
Energy Fit:  0.000000E+000  8.379747E-001  0.000000E+000
FWHM Fit:  0.000000E+000  0.000000E+000  0.000000E+000
Efficiency Terms:  0.000000  0.000000  0.000000  0.000000  0.000000
  0.000000  0.000000  0.000000  0.000000  0.000000


SPECTRUM
     0:          0          0          0          0          0
     5:          0          7          5          3          3
    10:          3          7          7          9          7
    15:         10         10          4          9          6
    20:          6          9          7          5          2
    25:         13          6          9          6          8
    30:          9         13          6         13         10
    35:          9          7         10          6         12
    40:          4          5         11          8          4
    45:          7          7          6         12          3
    50:          8          7          6          7          2
    55:          6          7          5          5          4
    60:          6         14          7          4          4
    65:          6         11          6          8          7
    70:          5         10         15          6          5
    75:          9          8          9          5          9
    80:          4          6          8          8          9
    85:          8          7          9          7          7
    90:          8         12          7          8         16
    95:          4          3          9          4          8
   100:         12          8          8         13          6
   105:          8          7          9          7          8
   110:         11          6          5          5         11
   115:         10         13          6          7          7
   120:         11          6          8          6          9
   125:          7          6          9          7          7
   130:          5          3          8          6         10
   135:          7          5          9          5          7
   140:          4          6          7          8          7
   145:          8          5          6          5          6
   150:          4          6          8          6         10
   155:          2         10          7         11         10
   160:          7          8          6         14         15
   165:         13         22         10          8         10
   170:         11         15         13         18         11
   175:         13         12         15          5         18
   180:         14         11         10         17         16
   185:         17         14          5         10         13
   190:          8          4          9         16          7
   195:         11         12         10         12         10
   200:         12          8          6          2          9
   205:          9         10          6         10         12
   210:         10          7          6          6         13
   215:          9          8          7         12          3
   220:          9          9         12          4          8
   225:          8         11          8         13          5
   230:         11         12         11          5         12
   235:         13         11          8          9         10
   240:          6          9          5          8          8
   245:          7         12         12         10         16
   250:          8         11          8          8         11
   255:         14         10          6          9         15
   260:         11         10          8         10         11
   265:          5         11          7          8         11
   270:          9          9         17          8          5
   275:          9          6         14         12         11
   280:         15         17         15         11         10
   285:         11         11          6          8          8
   290:         10         10          5         11          9
   295:         13          6          9         10          5
   300:         13          9          5          3          6
   305:         14         13         12         10          8
   310:          3          5          4         10          5
   315:          6         10         10          8          3
   320:          6          6          7          8          9
   325:          9          5          9         12          3
   330:          4          9         10          8          5
   335:          5          6          5          8          7
   340:          9         11          9         10          7
   345:          2         10          9         10          6
   350:          2          7          7          7          3
   355:          6          6          6          5          6
   360:          5          7          7          5          6
   365:          1          7          9          9          7
   370:         11          4          3          3          3
   375:          2          8          4          4          8
   380:          6          7          9          7          7
   385:         10          9          5          8          5
   390:          7          5          1          6          0
   395:          5          4          5          5          9
   400:          1          4          2          3          4
   405:          5          7          1          1          5
   410:          4         10          8          4          8
   415:          7          6          8          6          6
   420:          7          8          7          3          3
   425:          3         10         10         11          5
   430:          4          6          7          3          6
   435:          6          6          8          6          7
   440:          3          6          6          3          3
   445:          4          8          4          2          3
   450:          5          8          7          4          7
   455:          3          5          7         13          8
   460:          6          5          9          6          4
   465:          4          3         11          4         10
   470:          7          8          4         10         11
   475:          8         15         13         15         10
   480:          3         11          9          3         15
   485:         16         11         11          8          9
   490:          7         12         11         16         14
   495:         13         11         11         12         10
   500:         14         16         14          6         13
   505:         15         12         15         18         13
   510:         10         15         10         13         16
   515:         11         15         13          9          8
   520:         13          6          9         10          6
   525:         15         16          9         16          6
   530:         11         12         10         14         13
   535:         15          4          6          7          7
   540:         10         10          9          9          6
   545:          7         11          6          6          6
   550:          6          7          1          7          4
   555:          6          6          5          2          7
   560:          2          6          2          3          5
   565:          3          3          1          3          2
   570:          2          3          1          5          1
   575:          5          2          2          6          5
   580:          3          2          0          6          1
   585:          2          5          4          4         11
   590:          3          6          6          3          1
   595:          6          3          7          2          3
   600:          6          5          3          1          9
   605:          4          2          1          6          4
   610:          4          5          3          4          1
   615:          5          2          4          3          3
   620:          5          5          5          3          2
   625:          5          2          4          3          5
   630:          2          3          4          3          2
   635:          0          6          4          4          4
   640:          3          1          0          4          4
   645:          2          5          2          2          1
   650:          9          4          3          2          2
   655:          4          3          4          1          5
   660:          4          1         10          8          3
   665:          7          5          2          6          3
   670:          6          6          4          2          2
   675:          5          4          4          3          1
   680:          1          5          3          1          2
   685:          3          2          5          5          3
   690:          3          2          2          1          7
   695:          2          3          4          2          5
   700:          0          5          4          7          9
   705:          6          5          5          2          2
   710:          1          2          3          0          4
   715:          6          3          4          2          3
   720:          3          3          1          5          2
   725:          3          5          1          7          2
   730:          3          4          2          1          3
   735:          3          4          4          3          3
   740:          6          6          2          1          2
   745:          5          3          3          1          2
   750:          6          1          2          0          2
   755:          1          0          3          1          4
   760:          2          1          3          3          3
   765:          8          3          3          1          2
   770:          4          4          3          2          3
   775:          6          4          2          6          2
   780:          4          7          5          5          3
   785:          6          5          5          3          0
   790:          3          1          4          4          6
   795:          3          5          2          2          4
   800:          1          4          3          2          6
   805:          1          3          4          4          5
   810:          6          4          2          3          3
   815:          0          4          5          5          4
   820:          2          2          2          6          3
   825:          3          1          6          5          4
   830:          3          0          3          1          1
   835:          4          3          0          2          4
   840:          2          3          1          5          6
   845:          4          0          4          4          6
   850:          3          0          2          3          3
   855:          1          5          4          4          5
   860:          1          3          5          3          6
   865:          3          3          4          1          4
   870:          5          3          2          2          7
   875:          0          3          3          3          4
   880:          4          5          2          2          3
   885:          3          2          3          4          3
   890:          3          4          5          3          2
   895:          3          1          3          2          4
   900:          1          3          4          1          4
   905:          0          1          7          4          4
   910:          4          4          3          7          1
   915:          2          5          4          3          3
   920:          6          1          4          3          3
   925:          4          3          3          6          2
   930:          8          4          1          5          3
   935:          3          6          2          2          5
   940:          8          1          7          6          2
   945:          6          5          3          5          3
   950:          6          2          4          2          4
   955:          7          2          5          4          6
   960:          3          3          2          5          4
   965:          5          5          5          4          4
   970:          4          5          7          4          7
   975:          3          4          2          7          4
   980:          5          7          5          5          3
   985:          4          4          5          4          4
   990:          3          5          2          5          5
   995:          5          5          4          1          5
  1000:          5          5          5          3          3
  1005:          3          2          2          5          5
  1010:          6          4          2          2          2
  1015:          2          5          4          3          4
  1020:          4          1          4          2          4
  1025:          1          3          3          1          1
  1030:          3          2          5          2          1
  1035:          4          6          2          6          1
  1040:          4          2          7          3          3
  1045:          0          5          2          3          4
  1050:          2          2          3          1          7
  1055:          3          2          1          1          5
  1060:          2          3          3          2          1
  1065:          5          4          1          4          0
  1070:          1          5          2          5          3
  1075:          1          2          2          1          0
  1080:          3          2          4          0          1
  1085:          3          4          7          2          2
  1090:          2          5          1          3          5
  1095:          5          1          3          2          3
  1100:          3          3          0          2          4
  1105:          1          1          2          4          1
  1110:          4          1          1          1          1
  1115:          2          4          3          2          2
  1120:          3          3          3          1          1
  1125:          3          0          1          4          3
  1130:          2          4          2          2          3
  1135:          1          1          4          3          1
  1140:          1          1          1          2          2
  1145:          2          1          4          1          3
  1150:          0          3          2          1          5
  1155:          2          1          3          6          3
  1160:          3          2          3          4          3
  1165:          4          1          3          5          2
  1170:          3          3          1          0          3
  1175:          3          2          1          3          4
  1180:          1          2          2          4          2
  1185:          2          4          2          9          4
  1190:          2          3          2          3          0
  1195:          4          5          1          5          1
  1200:          1          1          2          5          4
  1205:          3          1          3          2          1
  1210:          0          3          6          2          7
  1215:          4          4          5          6          4
  1220:          4          1          3          7          3
  1225:          2          3          5          1          3
  1230:          0          2          3          1          4
  1235:          3          5          4          4          2
  1240:          0          6          3          4          2
  1245:          4          8          4          3          5
  1250:          5          1          7          4          5
  1255:          5          2          6          4          3
  1260:          4          9          3          7          2
  1265:          2          0          1          6          3
  1270:          2          4          1          4          3
  1275:          3          5          6          5         12
  1280:          9          7          4          0          2
  1285:          6          2          4          3          6
  1290:          5          6          4          4          4
  1295:          5          1          8          3          4
  1300:          0          2          2          3          4
  1305:          3          3          5          3          3
  1310:          5          2          1          3          3
  1315:          4          6          6          2          1
  1320:          0          3          3          5          4
  1325:          3          5          6          1          5
  1330:          2          3          6          2          4
  1335:          0          3          6          2          5
  1340:          6          6          1          2          2
  1345:          1          4          2          1          4
  1350:          1          1          2          3          0
  1355:          2          1          2          0          1
  1360:          1          0          1          3          0
  1365:          0          0          1          2          0
  1370:          0          1          2          4          2
  1375:          1          0          1          0          1
  1380:          1          0          0          4          3
  1385:          2          0          3          3          1
  1390:          0          1          2          0          0
  1395:          1          0          1          0          1
  1400:          0          2          0          0          4
  1405:          4          1          1          1          0
  1410:          1          1          3          3          1
  1415:          4          0          2          2          2
  1420:          3          1          1          2          3
  1425:          3          2          3          3          1
  1430:          2          1          0          2          0
  1435:          3          3          2          1          2
  1440:          3          3          1          1          3
  1445:          2          1          3          1          3
  1450:          2          2          1          0          3
  1455:          0          3          6          5          6
  1460:          2          4          3          5          2
  1465:          2          0          1          4          1
  1470:          1          3          4          3          0
  1475:          2          4          3          2          7
  1480:          4          1          4          2          5
  1485:          5          2          2          2          5
  1490:          1          1          1          7          3
  1495:          2          5          5          1          1
  1500:          4          3          3          1          0
  1505:          4          3          4          1          2
  1510:          5          0          3          0          3
  1515:          5          1          5          3          2
  1520:          5          2          2          0          2
  1525:          6          2          1          1          4
  1530:          6          7          2          2          2
  1535:          3          2          1          3          1
  1540:          3          1          0          3          2
  1545:          5          2          4          3          4
  1550:          2          4          3          3          3
  1555:          1          1          3          1          2
  1560:          5          5          4          6          1
  1565:          3          2          2          4          3
  1570:          4          1          5          5          3
  1575:          1          2          4          3          3
  1580:          2          0          1          2          3
  1585:          1          2          1          2          2
  1590:          0          5          1          0          2
  1595:          1          1          2          1          0
  1600:          0          2          0          2          3
  1605:          2          2          1          3          3
  1610:          1          2          0          0          1
  1615:          2          0          0          0          1
  1620:          1          0          1          0          0
  1625:          2          0          1          0          0
  1630:          1          1          1          1          0
  1635:          0          0          0          0          1
  1640:          0          1          1          0          0
  1645:          0          0          0          0          0
  1650:          0          0          0          2          3
  1655:          0          0          0          0          0
  1660:          0          1          0          1          2
  1665:          1          0          1          0          0
  1670:          3          0          0          0          1
  1675:          0          0          2          1          1
  1680:          0          0          1          1          0
  1685:          0          0          1          0          0
  1690:          1          1          0          2          0
  1695:          0          0          0          0          1
  1700:          1          0          1          1          0
  1705:          0          0          3          0          0
  1710:          1          0          0          0          0
  1715:          0          0          0          1          2
  1720:          0          0          0          1          0
  1725:          0          0          0          1          0
  1730:          0          0          0          1          0
  1735:          0          0          0          0          0
  1740:          0          2          0          0          2
  1745:          1          2          0          1          2
  1750:          0          0          1          1          0
  1755:          0          0          0          3          1
  1760:          1          0          0          1          0
  1765:          0          1          0          2          1
  1770:          1          0          0          0          3
  1775:          0          0          0          0          1
  1780:          0          2          1          0          0
  1785:          0          1          0          0          0
  1790:          1          0          1          0          0
  1795:          0          0          2          0          1
  1800:          0          0          1          2          0
  1805:          0          1          0          0          0
  1810:          0          0          1          0          0
  1815:          0          2          1          1          0
  1820:          1          0          0          1          1
  1825:          1          1          1          0          0
  1830:          1          0          1          0          1
  1835:          1          0          1          1          0
  1840:          0          0          0          0          0
  1845:          1          1          0          0          0
  1850:          0          0          0          0          0
  1855:          0          1          0          1          0
  1860:          0          1          0          0          2
  1865:          0          0          0          0          0
  1870:          0          0          0          0          0
  1875:          0          0          0          0          0
  1880:          0          0          0          0          0
  1885:          0          0          0          0          0
  1890:          0          0          0          0          0
  1895:          0          0          0          0          0
  1900:          0          0          0          0          0
  1905:          0          0          0          0          0
  1910:          0          0          0          0          0
  1915:          0          0          0          0          0
  1920:          0          0          0          0          0
  1925:          0          0          0          0          0
  1930:          0          0          0          0          0
  1935:          0          0          0          0          0
  1940:          0          0          0          0          0
  1945:          0          0          0          0          0
  1950:          0          0          0          0          0
  1955:          0          0          0          0          0
  1960:          0          0          0          0          0
  1965:          0          0          0          0          0
  1970:          0          0          0          0          0
  1975:          0          0          0          0          0
  1980:          0          0          0          0          0
  1985:          0          0          0          0          0
  1990:          0          0          0          0          0
  1995:          0          0          0          0          0
  2000:          0          0          0          0          0
  2005:          0          0          0          0          0
  2010:          0          0          0          0          0
  2015:          0          0          0          0          0
  2020:          0          0          0          0          0
  2025:          0          0          0          0          0
  2030:          0          0          0          0          0
  2035:          0          0          0          0          0
  2040:          0          0          0          0          0
  2045:          0          0          0
