ACQUISITION INFORMATION

Detector ID:  1
Detector description:
COS12ZBPR3 Easy-MCA-2k SN 16145344
Sample description:
Background
Real Time:  12.480000
Live Time:  12.420000
Acquisition start date:  22Feb2024
Acquisition start time:  11:08:22
Starting channel number:   0
Number of channels:   2048


CALIBRATION INFORMATION

ENERGY CALIBRATION
Units:
Energy Fit:  0.000000E+000  8.379747E-001  0.000000E+000
FWHM Fit:  0.000000E+000  0.000000E+000  0.000000E+000
Efficiency Terms:  0.000000  0.000000  0.000000  0.000000  0.000000
  0.000000  0.000000  0.000000  0.000000  0.000000


SPECTRUM
     0:          0          0          0          0          0
     5:          1          5          5          3          5
    10:          7          7          8         10         11
    15:         10          5          3         11         11
    20:          5         11         11          8         11
    25:         14          9         11         15         14
    30:          9         10          8          8         11
    35:         13         11         14         10          9
    40:          7          9          8          8          9
    45:          3          3         10         10          9
    50:          5          7          5         11          4
    55:          6         11          7          4         11
    60:          3          8         15         11          9
    65:          8         12          7          8          8
    70:         10          4         10         12         10
    75:         11         11         11          8         12
    80:         13         12         15         12          8
    85:          7          9         12         10         14
    90:         14         12          7         16          9
    95:         15         16         11         10          5
   100:          7          7         14         11         10
   105:         14          8         13         10         12
   110:         17         10         10          4          7
   115:          6         12         12         10         12
   120:         13          9         12         13         12
   125:          5         12          7          5          8
   130:          9         10          9          6          8
   135:          8          5          9         17          7
   140:         11          7         13         12          6
   145:         15         11         19          8          9
   150:         11          6          9          4         11
   155:          8          5          9          8          8
   160:          4         12         11         13         15
   165:         17         21          9         11         16
   170:         17         15         16         11         14
   175:         24         21         22         13         15
   180:         23         14         13         17         12
   185:         13         18         12         13          8
   190:         17          9         10         15         11
   195:         13          9         16          9          5
   200:         17         13         11         12         11
   205:         14         11          9         11         12
   210:          6         10         10          8         13
   215:         14         16         11         13          8
   220:          8          5         11          6         11
   225:         13         12          6         10         12
   230:          7         14         15          9         12
   235:         16         11          7         13         11
   240:         18         13         10         12         11
   245:          7         13          6         12         11
   250:         12          8         12         12         10
   255:         10         10         10         16         11
   260:         11         12         14         13         11
   265:         13         12         12          8         12
   270:         12         12         14          9         16
   275:         16         10         14         19         10
   280:         11         10         13          9         18
   285:         16         14          7          7          9
   290:         11         11          8         10          9
   295:         13         26          9         11         10
   300:          8         13         18          9         11
   305:          6         10         14          6          9
   310:         10         14         14          5         14
   315:         12          9         14         13         14
   320:          6         11         16          8          8
   325:         14         12          9         11         10
   330:          9          9         12          8         16
   335:         10          9         12          5          6
   340:          8          8         12          8          3
   345:          8          4          9          6          8
   350:         10          5         12          7          5
   355:          5          6          8         12          7
   360:         10          5          5          8          7
   365:          4          6          9         11          7
   370:         14          3         13         12          5
   375:          9         12          8          4          7
   380:          5          5          9         10          6
   385:          7          4         10         12          5
   390:          8         13          9          7          9
   395:          8          5          5         13          5
   400:         12         10         11          5          7
   405:          4          5          7          7         10
   410:          9          5          8          7          9
   415:          9          8          7         15         10
   420:         15         11          2         12          8
   425:          8          9          9          4          7
   430:         10         14          7          5          6
   435:          2          9          6          8          5
   440:          6          9         11          8          7
   445:          7          8          2         15          7
   450:         11          4         10          9          3
   455:         12          5          9         13          9
   460:          7          5          3          9          9
   465:          8         12          9         10          8
   470:         10         14          9          9         14
   475:         22         11         14         13         13
   480:         10         12         11         27         10
   485:         11         17         13          8         17
   490:         13         21         14         13         16
   495:         14         18         16         17         20
   500:         17         16         12         22         18
   505:         19         25         21         17         10
   510:         20         16         20         21         21
   515:         17         21         11         24         18
   520:         18         25         19         13         12
   525:         12         13         16          5         11
   530:         16         11         11         11          9
   535:         13         11         12         11         10
   540:          8          6          9          6          6
   545:          7         10          9          6         12
   550:          4          9          8          7          7
   555:          5          6          6          5          8
   560:          8          2          8          8          7
   565:          6          7          4          9          6
   570:          3          2          8          2          2
   575:          2          4          4          6          2
   580:          4          3          3          7          6
   585:          3          6          3          5          4
   590:          4          6          8          6          7
   595:          5          3          3          3          5
   600:          3          7          5          6          4
   605:          2          5          5          6          4
   610:          2          7          6          3          3
   615:          1          4          4          4          5
   620:          9          2          1          2          3
   625:          3          5          5          5          5
   630:          7          3          3          1          3
   635:          2          6          4          4          7
   640:          3          7          3          5          3
   645:          3          5          1          3          7
   650:          6          6          7          3          6
   655:          4          4          5          6          7
   660:          2          4          4          3         10
   665:          1          6          4          4          4
   670:          5          2          3          6          3
   675:          7          5          4          4          8
   680:          5          1          2          5          6
   685:          5          7          4          8          4
   690:          6          2          3          6          4
   695:          4          4          5          0          6
   700:          4          4          3          3          3
   705:          7          5          8          3          4
   710:          5          6          3          4          2
   715:          6          7          2          7          2
   720:          6          7          2          2          4
   725:          8          4          2          2          4
   730:          3          4          3          2          5
   735:          3          0          3          7          2
   740:          3          4          2          1          4
   745:          7          6          3          5          3
   750:          4          2          4          5          3
   755:          4          3          2          6          2
   760:          7          5          9          5          5
   765:          5          2          4          1          3
   770:          4          5          7          7          4
   775:          5          8          5          4          4
   780:          2          3          6          1          1
   785:          3          5          1          2          2
   790:          1          5          6          7          5
   795:          1          8          8          0          3
   800:          2          4          1          1          3
   805:          4          4          1          6          4
   810:          2          3          3          2          2
   815:          8          5          3          2          1
   820:          2          3          5          2          3
   825:          3          3          4          5          5
   830:          3          5          3          6          5
   835:          3          2          1          2          2
   840:          3          3          6          2          1
   845:          4          3          2          5          3
   850:          1          5          3          7          3
   855:          0          4          2          5          6
   860:          2          0          2          7          2
   865:          3          3          7          4          5
   870:          3          1          2          2          1
   875:          2          4          3          0          7
   880:          5          2          8          6          7
   885:          4          3          0          3          3
   890:          2          3          2          2          0
   895:          6          5          5          2          7
   900:          2          4          4          0          6
   905:          5          5          2          6          4
   910:          1          4          4          5          4
   915:          1          4          7          1          1
   920:          5          2          2          7          3
   925:          4          4          5          5          1
   930:          7          9          5          3          4
   935:          2          4          4          4          8
   940:          7          4          5          2          6
   945:          5          8          3          7          2
   950:          4          2          6          2          2
   955:          9          6          7         10          2
   960:          5          4          7          9          3
   965:          7          8          5          8          5
   970:          6          4         12          5          0
   975:          7          4          5         10          5
   980:          4          8          5          4          4
   985:          3          6          5          4          7
   990:          3          6          3          7         10
   995:          5          4          3          3          4
  1000:          5          2          6          5          4
  1005:          5          4          1          9          7
  1010:          6          4          5          5          3
  1015:          5          2          3          4          2
  1020:          3          4          3          3          2
  1025:          3          8          3          5          7
  1030:          7          7          8          4          6
  1035:          1          5          5          6          3
  1040:          3          3          3          6          3
  1045:          8          4          4          3          4
  1050:          3          4          0          3          5
  1055:          0          0          4          1          4
  1060:          7          2          4          4          2
  1065:          3          5          2          2          3
  1070:          2          4          6          4          4
  1075:          2          1          7          2          3
  1080:          5          4          4          3          0
  1085:          3          6          1          7          1
  1090:          3          1          2          2          4
  1095:          3          4          2          3          3
  1100:          1          4          5          3          0
  1105:          1          3          2          2          3
  1110:          2          3          3          4          4
  1115:          4          4          1          1          1
  1120:          2          5          4          5          2
  1125:          3          4          1          3          3
  1130:          4          4          2          2          2
  1135:          3          4          3          1          1
  1140:          3          3          1          4          5
  1145:          3          6          3          4          4
  1150:          0          4          1          0          1
  1155:          3          4          3          4          1
  1160:          5          2          2          2          2
  1165:          3          5          5          3          3
  1170:          1          4          5          3          6
  1175:          5          4          2          3          8
  1180:          5          5          4          2          3
  1185:          5          6          3          3          4
  1190:          2          3          1          1          4
  1195:          4          2          4          5          1
  1200:          2          3          3          5          5
  1205:          1          4          5          5          6
  1210:          3          4          1          5          6
  1215:          3          3          4          3          3
  1220:          5          5          5          5          2
  1225:          3          2          2          3          3
  1230:          3          7          2          5          1
  1235:          2          0          7          2          6
  1240:          3          3          4          5          3
  1245:          6          5          6          9          8
  1250:          8          4          4          4          6
  1255:          9          3          4          7          4
  1260:          4          5          8          4          7
  1265:          1          3          5          6          5
  1270:          3          5          3          1          4
  1275:          7          5          7          6          7
  1280:          5          2          8          4         10
  1285:          3          4          8          7          3
  1290:          5          6          6          3          2
  1295:          4         10         10          3          8
  1300:          5          5          4          3          1
  1305:          3          8          3          8          1
  1310:          3          5          4          0          5
  1315:          4          5          4          5          5
  1320:          3          4          9          2          4
  1325:          4          1          2          5          8
  1330:          4          4          4          1          3
  1335:          4          2          6          4          1
  1340:          1          5          4          0          3
  1345:          2          2          1          4          4
  1350:          1          2          2          3          1
  1355:          2          3          4          2          2
  1360:          7          1          4          4          1
  1365:          0          4          4          2          2
  1370:          1          2          2          4          4
  1375:          2          2          0          1          4
  1380:          0          3          1          6          0
  1385:          0          1          1          2          5
  1390:          2          3          1          2          1
  1395:          2          3          3          0          2
  1400:          1          2          2          1          1
  1405:          4          2          2          3          2
  1410:          1          1          2          3          2
  1415:          3          2          3          1          2
  1420:          1          1          3          1          3
  1425:          2          2          3          3          2
  1430:          4          3          0          0          3
  1435:          0          2          2          3          2
  1440:          4          3          3          4          0
  1445:          2          3          1          0          1
  1450:          0          1          2          2          3
  1455:          5          2          3          3          1
  1460:          2          1          4          4          2
  1465:          2          7          3          2          6
  1470:          1          1          5          4          5
  1475:          3          3          6          0          2
  1480:          5          2          6          2          3
  1485:          9          2          2          3          4
  1490:          6          3          3          3          2
  1495:          7          2          4          4          4
  1500:          3          5          4          3          2
  1505:          1          3          3          1          7
  1510:          5          1          5          4          8
  1515:          4          4          4          6          2
  1520:          4          5          1          9          3
  1525:          4          4          3          4          3
  1530:          3          4          5          6          5
  1535:          4          4          2          0          2
  1540:          3          3          3          1          4
  1545:          6          2          5          4          3
  1550:          5          2          4          4          1
  1555:          3          4          4          4          2
  1560:          5          6          4          4          4
  1565:          6          5          2          4          4
  1570:          2          3          1          6          3
  1575:          0          3          3          1          0
  1580:          6          4          3          1          3
  1585:          6          3          1          1          2
  1590:          1          2          1          1          1
  1595:          2          0          1          3          1
  1600:          2          3          4          0          2
  1605:          1          2          3          2          0
  1610:          3          1          4          4          0
  1615:          2          0          1          1          2
  1620:          1          1          3          1          1
  1625:          2          1          1          1          0
  1630:          1          2          1          2          0
  1635:          2          0          1          3          2
  1640:          1          0          0          0          2
  1645:          1          1          1          0          1
  1650:          1          1          0          0          1
  1655:          1          0          0          0          0
  1660:          1          0          2          2          0
  1665:          0          0          1          2          1
  1670:          0          0          2          1          0
  1675:          1          0          0          0          0
  1680:          0          0          0          0          0
  1685:          1          0          1          5          2
  1690:          1          0          0          0          1
  1695:          0          0          1          3          1
  1700:          0          1          1          0          0
  1705:          2          1          0          0          0
  1710:          2          0          1          0          1
  1715:          1          2          1          1          1
  1720:          0          3          3          1          1
  1725:          0          1          4          1          1
  1730:          0          2          1          1          2
  1735:          0          0          1          1          1
  1740:          2          1          1          2          0
  1745:          0          3          0          0          1
  1750:          0          0          1          1          0
  1755:          0          0          0          0          0
  1760:          0          0          1          0          1
  1765:          1          1          0          2          0
  1770:          0          1          1          2          0
  1775:          0          1          0          1          1
  1780:          1          1          0          2          0
  1785:          3          3          1          2          2
  1790:          0          2          1          0          0
  1795:          1          0          2          0          1
  1800:          0          0          0          1          0
  1805:          1          0          0          0          1
  1810:          1          0          0          0          0
  1815:          0          2          0          1          0
  1820:          0          1          1          1          1
  1825:          0          2          0          1          1
  1830:          0          1          0          1          1
  1835:          0          1          0          0          1
  1840:          0          1          0          1          2
  1845:          1          0          0          0          0
  1850:          0          0          0          0          0
  1855:          0          1          0          2          0
  1860:          0          0          0          0          1
  1865:          0          0          0          0          0
  1870:          0          0          0          0          0
  1875:          0          0          0          0          0
  1880:          0          0          0          0          0
  1885:          0          0          0          0          0
  1890:          0          0          0          0          0
  1895:          0          0          0          0          0
  1900:          0          0          0          0          0
  1905:          0          0          0          0          0
  1910:          0          0          0          0          0
  1915:          0          0          0          0          0
  1920:          0          0          0          0          0
  1925:          0          0          0          0          0
  1930:          0          0          0          0          0
  1935:          0          0          0          0          0
  1940:          0          0          0          0          0
  1945:          0          0          0          0          0
  1950:          0          0          0          0          0
  1955:          0          0          0          0          0
  1960:          0          0          0          0          0
  1965:          0          0          0          0          0
  1970:          0          0          0          0          0
  1975:          0          0          0          0          0
  1980:          0          0          0          0          0
  1985:          0          0          0          0          0
  1990:          0          0          0          0          0
  1995:          0          0          0          0          0
  2000:          0          0          0          0          0
  2005:          0          0          0          0          0
  2010:          0          0          0          0          0
  2015:          0          0          0          0          0
  2020:          0          0          0          0          0
  2025:          0          0          0          0          0
  2030:          0          0          0          0          0
  2035:          0          0          0          0          0
  2040:          0          0          0          0          0
  2045:          0          0          0
