ACQUISITION INFORMATION

Detector ID:  1
Detector description:
COS12ZBPR3 Easy-MCA-2k SN 16145344
Sample description:
Background
Real Time:  12.780000
Live Time:  12.720000
Acquisition start date:  22Feb2024
Acquisition start time:  11:02:51
Starting channel number:   0
Number of channels:   2048


CALIBRATION INFORMATION

ENERGY CALIBRATION
Units:
Energy Fit:  0.000000E+000  8.379747E-001  0.000000E+000
FWHM Fit:  0.000000E+000  0.000000E+000  0.000000E+000
Efficiency Terms:  0.000000  0.000000  0.000000  0.000000  0.000000
  0.000000  0.000000  0.000000  0.000000  0.000000


SPECTRUM
     0:          0          0          0          0          0
     5:          1          9         14         12          6
    10:         10          7          6          4          7
    15:         11         10          8         10          8
    20:         12          8          5          7          5
    25:         20          8         16         14         16
    30:         17         13         15         17         19
    35:         18         15          7         11         15
    40:          8         11          4          7          8
    45:          6         10          7         15         12
    50:          6          6         13          6          7
    55:         10         11         12          5         12
    60:          8         12         10         14          7
    65:         13          8         11         14         10
    70:         11          6          4          8         11
    75:          8         10         14         14          9
    80:         10         12         12          8         10
    85:          8         14          7         11         11
    90:         20          9          9         11         17
    95:          9         12         19          7         14
   100:         13         10          9         13         10
   105:         12          7         15         12          9
   110:         11         17         16          8          7
   115:          8         10          8         11         12
   120:         11          9         12          5         10
   125:          7         13         15         12          6
   130:          4          5         13         12         13
   135:          8          7         12         11         12
   140:          8         12         14         14         13
   145:          7         16          4          9         10
   150:          7         11          7         10         11
   155:         11          8         10         11         12
   160:         16         14         13          9          9
   165:         13         16         13         12         22
   170:         19         26         24         20         20
   175:         11         25         16         12         19
   180:         21         23         12         17         17
   185:         19         16         16         14          8
   190:         18          8         18         10         14
   195:         13          8         16         13         18
   200:         15         17         15         12         13
   205:         12         14          8         14         10
   210:          8          9         17          5         10
   215:         11         15         15         16         15
   220:         15         11         15         12          4
   225:         13          8          8         15          7
   230:         13         19          7         13         10
   235:         12         13         10         19          9
   240:         11         14         12         11          8
   245:         14          9         15         13         17
   250:         12         13          8         17         16
   255:         11         11         14         22         14
   260:         16         13         11         15         11
   265:         17         20         15         10         13
   270:         14         12         19         10         13
   275:         14         13         14         16         12
   280:         18          9         11         19          9
   285:         12          7          6         19         14
   290:         10         12         14         10         18
   295:         17         13          8          6         16
   300:          9         16         14         10          6
   305:          9         10         13          7         13
   310:         15         11         12         21          6
   315:         11          7         13          6         10
   320:         10         11         15         16          8
   325:         15          9         11         10         12
   330:         13         10          8          5          9
   335:          7          9         11          9         10
   340:         14          8          7         11          9
   345:          7         11          4          6          9
   350:          9         12         10          9          5
   355:          4         11         11          9          4
   360:         10          4          3          7          8
   365:          7          3          7          5          6
   370:          8          6          6          3         13
   375:         13          7         12          8          3
   380:          9         10          9         12          7
   385:          7          9         11          6          5
   390:          5          7          6          9         12
   395:          8          7          5          8          5
   400:          6          4          9          6          8
   405:          4         11          9         11          5
   410:          8          7         10          7         10
   415:          8         12         10          7          7
   420:          6          8          5          6          5
   425:          3         14         11         12          4
   430:         11         11         12         15          5
   435:          8          8          6          8          7
   440:          6          8          8          7          8
   445:          8          8          6          6          9
   450:          8          7         11         13          8
   455:         10         12          5         10          9
   460:          6          7          7          5         10
   465:         10         12         10         10          6
   470:         11         12          8         11          5
   475:         11          8         19         10         18
   480:          9         11         10          9         15
   485:         14         21         13          9         14
   490:         12         24         21         21         16
   495:         14         16         12         17         25
   500:         17         14         26         23         16
   505:         25         15         13         22         20
   510:         25         20         18         17         17
   515:         12         22         16         26         12
   520:         14         20         12         10         14
   525:         14         16         10         12         12
   530:         10         17         18         15         11
   535:         11         15          9         10         15
   540:         11          6         10          8          7
   545:          5          5          6          7          7
   550:         16          6          6         12          5
   555:         10          6         11          7          7
   560:          5          4          3          6         12
   565:          6          8          4          4          8
   570:          8          5          5          4          4
   575:          5          4          5          2          5
   580:         10          2          5          5          6
   585:          3          7          6          5          4
   590:          6          4          7          2          3
   595:          5          2          5          3          5
   600:          3          8          4          7          8
   605:          5          7          2          8          3
   610:          6          6          8          5          4
   615:          4          5          6          2          5
   620:          8          6          3          5          5
   625:          7          8          6          9          3
   630:          2          7          4          2          7
   635:          5          2          5          6          1
   640:          4          5          8          2          7
   645:          5          3          6          2          9
   650:          3          3          5          9          3
   655:          5          5          4          2          4
   660:          4          6          9          5          3
   665:          6          3          4          3          2
   670:          4          1          3          6          7
   675:          7          4          8          6          3
   680:          4          6          4         11          5
   685:          4          2          6          7          3
   690:          4          2          9          3          4
   695:          6          4          4          1          4
   700:          6          2          7          7          4
   705:          0          3          4          6          4
   710:          4          7          6          4          5
   715:          3          6          8          3          4
   720:          5          4          3          7          8
   725:          6          2          2          4          4
   730:          3          3          3          3          4
   735:          0          2          2          5          6
   740:          6          2          9          4          4
   745:          2          2          2          3          3
   750:          7          2          3          5          1
   755:          4          4          5          3          6
   760:          2          4          4          6          6
   765:          7          5          2          4          3
   770:          4          6          3          2          4
   775:          6          4          7          1          3
   780:          6          5          4          4          7
   785:          5          6          5          7          3
   790:          4          1          3          2          0
   795:          3          5          1          4          2
   800:          1          7          2          4          5
   805:          4          4          5          4          5
   810:          2          7          2          4          2
   815:          5          1          4          3          2
   820:          3          6          7          8          8
   825:          6          6          4          6          5
   830:          6          7          4          5          1
   835:          1          1          4          5          3
   840:          7          6          4          4          3
   845:          4          3          7          3          4
   850:         10          9          3          9          5
   855:          5          5          3          2          3
   860:          6          4          5          3          3
   865:          5          3          4          5          2
   870:          2          2          4          6          3
   875:          5          1          6          0          3
   880:          5          7          3          2          5
   885:          4          5          9          4          7
   890:          1          4          7          4          6
   895:          5          1          7          7          4
   900:          4          1          7          4          4
   905:          1          2          2          6          1
   910:          4          7          8          7          3
   915:          2          4          5          9          3
   920:          5          4          4          6          6
   925:          8          2          3          1          6
   930:          5          6          4          3          5
   935:          5          3          6          2          5
   940:          9          1          6          4          3
   945:          2          6         10          2          2
   950:          6          4          7          9          8
   955:          8          7          5          6          7
   960:          4          4         10          4          6
   965:          5          5          5          6          6
   970:          6          7          2          9          7
   975:          5          6          6          4          9
   980:          5          4          3          4          6
   985:          7          3          8          8          7
   990:          9          9          5          5          3
   995:          7          4          6          4         10
  1000:          8          5         11          5          4
  1005:          7          4          3          6          7
  1010:          4          9          5          8          2
  1015:          5          3          3          2          7
  1020:          3          4          4          3          5
  1025:          4          3          4          3          6
  1030:          6          3          5          4          3
  1035:          3          1          4          6          3
  1040:          4          3          5          7          4
  1045:          3          6          5          2          1
  1050:          2          4          4          4          3
  1055:          4          4          6          6          1
  1060:          3          2          3          3          4
  1065:          3          3          2          4          5
  1070:          1          3          6          2          1
  1075:          4          7          3          3          5
  1080:          5          3          3          3          2
  1085:          1          3          2          3          4
  1090:          6          3          1          4          4
  1095:          6          5          3          1          2
  1100:          1          4          4          4          2
  1105:          6          2          2          6          4
  1110:          6          4          1          6          0
  1115:          4          3          6          4          3
  1120:          5          0          0          7          4
  1125:          3          5          5          7          2
  1130:          2          2         11          5          8
  1135:          1          1          2          1          4
  1140:          2          3          1          3          2
  1145:          5          4          4          1          4
  1150:          2          0          2          4          2
  1155:          4          2          1          6          7
  1160:          5          2          6          6          3
  1165:          5          2          2          4          3
  1170:          3          1          4          6          4
  1175:          3          6          5          4          5
  1180:          3          2          2          3          6
  1185:          9          0          2          3          4
  1190:          5          2          8          1          7
  1195:          6          3          3          7          6
  1200:          3          3          3          2          2
  1205:          4          0          6          4          2
  1210:          2          7          2          5          5
  1215:          4          4          1          3          5
  1220:          4          3          3          3          4
  1225:          6          4          4          5          6
  1230:          6          6          3          5          4
  1235:          4          6          3          8          8
  1240:          4          1          8          7          5
  1245:          7          1          5          6          4
  1250:          5          4          7          9          6
  1255:          6          6          3          1          4
  1260:          8          5          4          1          4
  1265:         10          4          3          5          4
  1270:         10          4          7          4          4
  1275:          7          5          4         10          5
  1280:          5          6          3          5          4
  1285:          9          6          9          2          9
  1290:          9          6          1          7          7
  1295:          3          5          2          5         12
  1300:          7          9          3          2          2
  1305:          2          6          5          4          6
  1310:          6          5          7          9          3
  1315:          3          3         10          6          5
  1320:          6          6          2          5         11
  1325:          3          7          3          5          3
  1330:          4          3          7          2          5
  1335:          1          4          5          2          5
  1340:          5          4          5          3          2
  1345:          4          3          2          3          1
  1350:          0          7          4          2          4
  1355:          8          2          4          3          3
  1360:          4          2          6          3          2
  1365:          1          1          2          4          1
  1370:          2          1          2          4          3
  1375:          2          1          1          2          2
  1380:          2          3          1          0          4
  1385:          2          2          0          3          3
  1390:          2          3          1          3          3
  1395:          3          1          3          4          2
  1400:          4          3          3          2          1
  1405:          2          6          1          4          6
  1410:          1          1          1          5          1
  1415:          1          3          0          6          0
  1420:          1          1          1          0          0
  1425:          3          2          1          2          2
  1430:          5          0          0          2          0
  1435:          3          1          4          2          4
  1440:          6          1          3          4          3
  1445:          3          4          1          2          1
  1450:          0          3          2          2          4
  1455:          4          3          2          7          4
  1460:          1          1          3          2          5
  1465:          5          3          6          3          4
  1470:          7          2          2          2          2
  1475:          3          2          6          4          4
  1480:          2          5          3          2          5
  1485:          7          2          3          1          3
  1490:          6          2          5          4          3
  1495:          3          2          3          3          5
  1500:          3          3          4          7          3
  1505:          6          3          0          3          0
  1510:          5          7          5          2          3
  1515:          3          5          5          5          2
  1520:          7          6          4          5          7
  1525:          3          5          4         11          3
  1530:          5          3          5          2          4
  1535:          3          2          2          5          1
  1540:          6          3          4          9          4
  1545:          5          5          2          6          3
  1550:          5          3          4          7          2
  1555:          3          4          3          3          4
  1560:          8          3          3          3          6
  1565:          0          2          6          4          4
  1570:          3          4          4          2          4
  1575:          3          2          4          3          2
  1580:          2          6          3          1          3
  1585:          3          5          4          0          2
  1590:          3          4          2          3          1
  1595:          3          3          0          3          0
  1600:          3          2          1          2          1
  1605:          2          2          3          3          2
  1610:          0          0          1          2          0
  1615:          2          3          4          3          1
  1620:          2          0          1          0          2
  1625:          0          0          0          0          1
  1630:          2          0          1          0          2
  1635:          2          0          1          0          2
  1640:          2          0          0          2          0
  1645:          0          1          1          0          0
  1650:          1          1          1          0          0
  1655:          0          0          2          2          0
  1660:          1          0          0          1          1
  1665:          1          1          0          0          0
  1670:          1          1          0          1          3
  1675:          2          0          0          1          1
  1680:          1          2          2          0          2
  1685:          0          1          0          0          2
  1690:          1          1          3          1          0
  1695:          0          1          1          2          1
  1700:          1          0          0          1          1
  1705:          0          1          0          0          0
  1710:          2          1          1          0          1
  1715:          1          1          0          0          0
  1720:          1          1          1          2          1
  1725:          0          3          1          1          1
  1730:          1          1          2          1          0
  1735:          0          0          1          1          0
  1740:          3          1          1          0          0
  1745:          0          2          2          0          2
  1750:          1          0          2          2          2
  1755:          1          2          0          1          0
  1760:          1          2          1          2          0
  1765:          1          0          0          0          0
  1770:          1          1          0          0          0
  1775:          0          0          1          0          1
  1780:          0          2          0          0          0
  1785:          0          0          1          0          0
  1790:          0          0          1          1          1
  1795:          0          0          0          4          0
  1800:          0          0          0          0          2
  1805:          1          1          0          0          0
  1810:          1          0          0          1          1
  1815:          0          1          1          0          0
  1820:          1          2          0          0          1
  1825:          0          1          0          0          0
  1830:          0          0          3          0          2
  1835:          1          0          0          0          2
  1840:          0          0          0          1          0
  1845:          1          0          0          1          0
  1850:          2          0          0          0          0
  1855:          1          0          1          0          2
  1860:          2          1          1          0          0
  1865:          0          0          0          0          0
  1870:          0          0          0          0          0
  1875:          0          0          0          0          0
  1880:          0          0          0          0          0
  1885:          0          0          0          0          0
  1890:          0          0          0          0          0
  1895:          0          0          0          0          0
  1900:          0          0          0          0          0
  1905:          0          0          0          0          0
  1910:          0          0          0          0          0
  1915:          0          0          0          0          0
  1920:          0          0          0          0          0
  1925:          0          0          0          0          0
  1930:          0          0          0          0          0
  1935:          0          0          0          0          0
  1940:          0          0          0          0          0
  1945:          0          0          0          0          0
  1950:          0          0          0          0          0
  1955:          0          0          0          0          0
  1960:          0          0          0          0          0
  1965:          0          0          0          0          0
  1970:          0          0          0          0          0
  1975:          0          0          0          0          0
  1980:          0          0          0          0          0
  1985:          0          0          0          0          0
  1990:          0          0          0          0          0
  1995:          0          0          0          0          0
  2000:          0          0          0          0          0
  2005:          0          0          0          0          0
  2010:          0          0          0          0          0
  2015:          0          0          0          0          0
  2020:          0          0          0          0          0
  2025:          0          0          0          0          0
  2030:          0          0          0          0          0
  2035:          0          0          0          0          0
  2040:          0          0          0          0          0
  2045:          0          0          0
