ACQUISITION INFORMATION

Detector ID:  1
Detector description:
COS12ZBPR3 Easy-MCA-2k SN 16145344
Sample description:
Background
Real Time:  10.380000
Live Time:  10.340000
Acquisition start date:  22Feb2024
Acquisition start time:  11:13:54
Starting channel number:   0
Number of channels:   2048


CALIBRATION INFORMATION

ENERGY CALIBRATION
Units:
Energy Fit:  0.000000E+000  8.379747E-001  0.000000E+000
FWHM Fit:  0.000000E+000  0.000000E+000  0.000000E+000
Efficiency Terms:  0.000000  0.000000  0.000000  0.000000  0.000000
  0.000000  0.000000  0.000000  0.000000  0.000000


SPECTRUM
     0:          0          0          0          0          0
     5:          2          6          4          9          9
    10:          8          3          4          4          4
    15:          7          5          7          5          5
    20:          7          3          5          9          5
    25:          9         13          6         12         11
    30:          8          9          9          7          9
    35:          6          9          4          8          6
    40:         11          7          7          3          8
    45:          7          5          6          4          9
    50:          6          1          7          5          5
    55:          8          3          4          9          3
    60:          7          6          6          6          7
    65:          6         10          5          9          8
    70:          4          4         10          7         11
    75:          7         13          5          5          7
    80:          8          5          5          8          4
    85:          9          5          3          6          9
    90:          7          7         11          9          7
    95:          7         15          5          5          7
   100:         11          2          5         11          6
   105:          9          6          4          7          7
   110:          7         14          8          4          9
   115:          7          3         11          4         10
   120:          6          9          5          8          6
   125:          3          9          7          6          8
   130:          6          5          9         10          9
   135:         14         11         12          8          9
   140:          6          3          7         12         10
   145:          8          7          5          9          4
   150:          8          6          4          9          7
   155:          5          9          8          4          2
   160:          8         11          9          8          8
   165:         10         13         13         10         18
   170:         11          6          8         14          5
   175:         18         12         12         11         13
   180:          9          7         10          7         10
   185:          5          6         11         12         15
   190:         10          8         11          7          8
   195:         10         13         11          6         16
   200:         14         11          7         11          9
   205:          7          5         18          6          6
   210:          6          6          9         11          8
   215:          7         10         10          7         11
   220:         12          6          8          7          8
   225:          4          9         10         10         10
   230:          9          6          9         13          9
   235:          9          8         12         11         11
   240:         11         10         11          8         11
   245:         10          5          9         11          8
   250:          8         14         14         14          8
   255:          8         10          9          7          5
   260:         10         11          9          3         14
   265:          9          5          8          8         11
   270:          9         11         12          9          6
   275:          8         10         13          5         10
   280:         10         11         10          7          5
   285:         13         11          7          6         13
   290:         11         11         11         12          9
   295:          9         19         12         14         13
   300:         11         10          8          9         13
   305:          8          7          2          8          9
   310:          6          6          9         11          7
   315:          7         11          5          8         10
   320:         11          8         12          5          9
   325:          9          9          6          8         10
   330:          7          4          8         10          5
   335:         13          8         10          7         10
   340:          7          3          8          3          6
   345:          4          6          7          7          5
   350:          5          5          6          2          5
   355:          4         11          6          6          7
   360:          8          9          6          7          6
   365:          3          7          4          4          6
   370:          3          4          8         11         10
   375:          6          9         12          9          6
   380:          5          6          4          4          7
   385:          4          3          4          9          3
   390:          5         11          7          9          6
   395:          5          5          1          7          8
   400:          6          7          8          8          6
   405:          8          8          4          2          3
   410:          9          1          5          6          4
   415:          6          4          5          6          5
   420:          7          4          3          5          7
   425:          3          6          6          5          4
   430:          6          2          6          8          6
   435:          5          6          5         11          4
   440:          6          5          6          9          2
   445:          4          6          9          6          2
   450:          9          2          2         14          4
   455:          4          9          7          7          4
   460:          5          5          4          6         13
   465:          5          7          8          5         13
   470:         12          9          1          2         13
   475:         10          6          7          5          9
   480:          6          7         10          9         13
   485:         12         12         10         13         11
   490:         17          7         11          7         12
   495:         15         13         13         12          6
   500:         12         18          6         16          6
   505:         15         17         11          5         11
   510:         12         16          7         18         15
   515:         11         14         11         15         12
   520:         10         18         13         12          8
   525:         10         11         10          8          7
   530:         16          9          3         13          9
   535:          3          8         10          9          7
   540:          3          6          7          6          8
   545:          4          6          3          4          3
   550:          8          4          5         11          4
   555:          5          1          2          5          3
   560:          6          3          3          2          9
   565:          4          4          2          4          5
   570:          2          5          4          4          5
   575:          2          4          4          1          6
   580:          2          6          5          6          2
   585:          3          5          1          3          5
   590:          5          1          4          4          6
   595:          5          4          6          3          1
   600:          1          5          2          4          2
   605:          5          2          3          1          5
   610:          7          1          2          1          3
   615:          3          5          6          1          2
   620:          3          2          9          5          4
   625:          3          4          4          4          4
   630:          4          4          1          5          5
   635:          0          1          6          3          1
   640:          1          3          2          2          2
   645:          2          7          1          3          2
   650:          4          3          4          4          4
   655:          1          5          2          3          5
   660:          4          2          5          2          3
   665:          4          0          4          5          1
   670:          2          4          4          2          1
   675:          1          4          4          4          4
   680:          1          6          6          2          3
   685:          5          2          3          6          0
   690:          3          4          4          1          3
   695:          1          2          2          3          3
   700:          2          7          7          2          3
   705:          3          2          4          2          2
   710:          4          5          4          4          3
   715:          2          4          6          5          3
   720:          1          1         11          2          1
   725:          0          4          2          6          5
   730:          1          1          6          5          4
   735:          3          6          3          2          3
   740:          2          3          3          3          5
   745:          5          3          3          3          3
   750:          4          2          3          1          4
   755:          2          1          5          5          2
   760:          4          3          1          2          4
   765:          5          2          4          6          4
   770:          2          4          3          1          4
   775:          4          2          1          3          1
   780:          3          3          4          2          3
   785:          7          5          3          3          3
   790:          5          3          4          3          3
   795:          6          6          5          1          5
   800:          3          2          1          3          0
   805:          3          8          5          2          3
   810:          2          3          4          3          2
   815:          3          2          2          2          1
   820:          4          2          5          3          1
   825:          1          2          1          3          8
   830:          0          3          4          3          4
   835:          0          5          0          3          2
   840:          3          3          6          5          2
   845:          5          2          7          4          6
   850:          4          0          2          2          1
   855:          3          0          2          3          4
   860:          3          2          1          1          5
   865:          3          3          2          2          4
   870:          5          1          6          4          4
   875:          7          3          4          0          2
   880:          6          0          2          2          4
   885:          4          5          2          2          2
   890:          3          3          1          4          2
   895:          6          0          3          5          2
   900:          5          4          2          2          3
   905:          2          1          5          2          1
   910:          7          2          6          4          2
   915:          2          7          3          3          3
   920:          2          3          7          6          2
   925:          1          3          4          1          5
   930:          5          2          3          2          4
   935:          3          1          3          2          4
   940:          4          4          1          4          4
   945:          5          5          4          7          4
   950:          4          3          4          4          2
   955:          6          5          3          0          5
   960:          3          5          4          5          5
   965:          5          6          3          4          6
   970:          4          3          3          3          1
   975:          2          8          2          6          2
   980:          4          7          7          3          6
   985:          7          7          2          1          6
   990:          3          3          4          2          7
   995:          1          5          3          8          1
  1000:          6          4          6          6          3
  1005:          4          5          3          3          3
  1010:          4          3          5          5          2
  1015:          2          6          4          6          3
  1020:          7          0          4          2          2
  1025:          3          1          3          2          6
  1030:          4          1          7          5          2
  1035:          5          2          3          0          8
  1040:          3          2          1          2          4
  1045:          0          2          1          3          2
  1050:          0          3          2          3          4
  1055:          6          2          4          2          3
  1060:          1          2          2          3          6
  1065:          3          2          3          1          2
  1070:          3          5          2          1          2
  1075:          1          0          0          3          1
  1080:          3          3          3          2          1
  1085:          1          3          3          0          0
  1090:          1          2          2          2          4
  1095:          0          1          3          2          2
  1100:          2          2          1          6          1
  1105:          4          3          1          0          3
  1110:          4          3          2          3          1
  1115:          2          3          1          6          2
  1120:          3          4          3          0          4
  1125:          1          0          2          1          0
  1130:          1          1          5          3          2
  1135:          4          4          0          1          1
  1140:          2          3          1          1          3
  1145:          3          3          0          1          1
  1150:          4          1          3          1          4
  1155:          3          3          3          2          2
  1160:          3          2          0          1          6
  1165:          1          3          4          1          3
  1170:          0          1          2          2          3
  1175:          2          3          5          0          4
  1180:          3          3          1          1          2
  1185:          3          2          1          5          1
  1190:          1          2          2          2          4
  1195:          4          1          5          4          3
  1200:          4          1          3          1          3
  1205:          3          2          3          7          1
  1210:          4          1          4          3          4
  1215:          3          3          7          2          3
  1220:          4          5          4          1          3
  1225:          5          2          3          1          3
  1230:          1          5          3          1          4
  1235:          5          2          3          4          3
  1240:          1          7          1          3          6
  1245:          3          5          5          1          1
  1250:          2          6          3          3          8
  1255:          2          6          4          4          5
  1260:          8          1          2          4          4
  1265:          4          4          1          5          5
  1270:          4          1          5          0          2
  1275:          3          4          4          8          7
  1280:          8          4          5          7          5
  1285:          6          5          5          7          7
  1290:          7          6          5          1          4
  1295:          3          1          5          5          1
  1300:          3          1          5          2          2
  1305:          4          2          5          6          3
  1310:          6          5          3          1          1
  1315:          3          4          2          1          4
  1320:          6          5          1          2          2
  1325:          2          3          4          5          3
  1330:          3          2          5          3          3
  1335:          6          1          4          3          6
  1340:          3          1          4          2          3
  1345:          2          3          4          1          2
  1350:          1          0          3          3          3
  1355:          0          0          1          2          2
  1360:          4          2          2          1          1
  1365:          5          2          0          3          2
  1370:          0          1          0          2          3
  1375:          1          1          0          0          2
  1380:          0          0          4          4          3
  1385:          4          1          0          0          2
  1390:          3          1          1          1          1
  1395:          3          4          1          1          0
  1400:          2          1          1          0          2
  1405:          0          0          0          1          2
  1410:          1          0          0          2          2
  1415:          2          6          1          2          2
  1420:          1          0          2          1          1
  1425:          3          0          3          1          1
  1430:          2          3          1          3          2
  1435:          1          2          2          1          0
  1440:          2          1          0          5          5
  1445:          0          2          0          1          4
  1450:          4          3          1          2          3
  1455:          2          1          2          5          5
  1460:          1          5          3          4          2
  1465:          1          2          5          0          1
  1470:          3          2          4          1          2
  1475:          1          4          5          2          4
  1480:          2          3          4          3          3
  1485:          4          4          6          1          1
  1490:          3          5          0          2          4
  1495:          3          4          3          4          1
  1500:          1          2          2          2          5
  1505:          1          5          3          4          3
  1510:          2          7          5          1          3
  1515:          3          2          4          4          1
  1520:          2          6          3          4          3
  1525:          5          2          2          4          5
  1530:          2          5          3          3          1
  1535:          3          6          2          3          0
  1540:          4          2          6          2          4
  1545:          3          3          2          9          3
  1550:          1          6          1          2          4
  1555:          3          0          6          1          1
  1560:          1          3          0          4          4
  1565:          4          4          5          5          0
  1570:          5          5          4          0          1
  1575:          1          4          3          1          5
  1580:          2          7          0          2          2
  1585:          0          2          0          1          5
  1590:          1          1          0          0          1
  1595:          1          3          3          2          0
  1600:          1          0          1          0          2
  1605:          1          0          2          2          0
  1610:          1          2          1          2          3
  1615:          1          0          1          1          0
  1620:          0          0          0          2          0
  1625:          2          0          0          0          0
  1630:          2          2          0          1          3
  1635:          1          1          1          1          0
  1640:          0          1          0          1          2
  1645:          1          0          2          0          0
  1650:          0          0          0          0          0
  1655:          0          0          2          0          0
  1660:          0          0          0          1          1
  1665:          0          2          0          1          0
  1670:          0          1          1          0          0
  1675:          1          0          1          0          0
  1680:          0          0          0          0          1
  1685:          0          1          0          0          1
  1690:          1          1          0          0          0
  1695:          1          0          1          0          0
  1700:          1          0          0          0          0
  1705:          0          0          0          0          1
  1710:          0          0          0          0          2
  1715:          0          0          0          0          0
  1720:          0          2          0          0          0
  1725:          0          1          0          0          1
  1730:          0          2          1          0          1
  1735:          1          1          0          0          0
  1740:          0          0          0          1          0
  1745:          0          0          2          0          1
  1750:          0          0          2          0          0
  1755:          0          0          0          1          1
  1760:          0          0          0          0          0
  1765:          0          1          0          1          0
  1770:          0          0          1          0          0
  1775:          0          0          1          2          1
  1780:          3          2          0          1          0
  1785:          1          1          0          0          0
  1790:          0          0          0          1          0
  1795:          0          2          1          1          0
  1800:          0          0          0          3          0
  1805:          1          0          0          0          1
  1810:          0          0          0          0          0
  1815:          0          0          1          2          0
  1820:          0          0          0          0          0
  1825:          1          0          0          1          0
  1830:          0          0          0          1          1
  1835:          1          1          2          0          1
  1840:          0          1          0          0          1
  1845:          0          0          1          0          0
  1850:          0          0          0          0          0
  1855:          0          0          1          0          0
  1860:          1          1          0          0          0
  1865:          1          0          0          0          0
  1870:          0          0          0          0          0
  1875:          0          0          0          0          0
  1880:          0          0          0          0          0
  1885:          0          0          0          0          0
  1890:          0          0          0          0          0
  1895:          0          0          0          0          0
  1900:          0          0          0          0          0
  1905:          0          0          0          0          0
  1910:          0          0          0          0          0
  1915:          0          0          0          0          0
  1920:          0          0          0          0          0
  1925:          0          0          0          0          0
  1930:          0          0          0          0          0
  1935:          0          0          0          0          0
  1940:          0          0          0          0          0
  1945:          0          0          0          0          0
  1950:          0          0          0          0          0
  1955:          0          0          0          0          0
  1960:          0          0          0          0          0
  1965:          0          0          0          0          0
  1970:          0          0          0          0          0
  1975:          0          0          0          0          0
  1980:          0          0          0          0          0
  1985:          0          0          0          0          0
  1990:          0          0          0          0          0
  1995:          0          0          0          0          0
  2000:          0          0          0          0          0
  2005:          0          0          0          0          0
  2010:          0          0          0          0          0
  2015:          0          0          0          0          0
  2020:          0          0          0          0          0
  2025:          0          0          0          0          0
  2030:          0          0          0          0          0
  2035:          0          0          0          0          0
  2040:          0          0          0          0          0
  2045:          0          0          0
