ACQUISITION INFORMATION

Detector ID:  1
Detector description:
COS12ZBPR3 Easy-MCA-2k SN 16145344
Sample description:
Background
Real Time:  11.460000
Live Time:  11.420000
Acquisition start date:  22Feb2024
Acquisition start time:  11:24:55
Starting channel number:   0
Number of channels:   2048


CALIBRATION INFORMATION

ENERGY CALIBRATION
Units:
Energy Fit:  0.000000E+000  8.379747E-001  0.000000E+000
FWHM Fit:  0.000000E+000  0.000000E+000  0.000000E+000
Efficiency Terms:  0.000000  0.000000  0.000000  0.000000  0.000000
  0.000000  0.000000  0.000000  0.000000  0.000000


SPECTRUM
     0:          0          0          0          0          0
     5:          1          6          4          5          7
    10:          5          9          8          3          5
    15:          5          4          7          6          7
    20:          9          6          4          5          8
    25:         10          6         14          7         11
    30:          9         11          9          7         10
    35:         16          5          7          6          1
    40:          4          6          5          9          9
    45:          5         10          2          6          7
    50:          6          8          7          7          4
    55:          6          4          5          6          2
    60:          5          4          3          8          6
    65:          3          9          8          9          8
    70:          3          1          3          6          3
    75:          7          6          7          7          4
    80:          8          7          6          9         10
    85:          7          8         16          5          9
    90:         11          9          3         15          5
    95:         10          7          9          7          7
   100:          5          5          8         10          8
   105:         10         11         10          5          8
   110:         11          2          4         10          8
   115:          3          4          7          8          6
   120:          9          6          4         10          7
   125:          7          7          5          8          8
   130:          2          7          9          7          9
   135:          7          8          4          5          5
   140:          4         12          3          3         10
   145:          4          9          7          6          4
   150:          7         10          4          7          7
   155:          4          7         16         10          8
   160:          6          6          6          8          9
   165:         12         13         12         12         13
   170:          8         14          9          9         15
   175:         12         19         19         10         13
   180:         24         10         16         13          9
   185:         10          9         11         11          6
   190:         13         12         12          9         11
   195:          8          2          5          9          9
   200:          8          7          6          8          9
   205:          8          4          4          9         11
   210:         11         16          8          7         10
   215:         10         10          5         11         11
   220:          5          7         11          4          5
   225:          9          7          9          4         11
   230:          5          6          7         14          9
   235:          9         10         10         11          8
   240:          7          8          8         11         10
   245:         11         10          8          7          7
   250:          8         12         13          7          7
   255:          6          8          4          7          9
   260:         11          5          9          8          6
   265:          7          9          6         16          6
   270:         11          9         11          5          9
   275:         10          8         11          5         11
   280:          5          7          6          6          8
   285:         11         12          8          3          8
   290:          8          9         14          9          7
   295:         10         11          3         11         11
   300:          4          9          6          7          7
   305:         12          4          7          8          5
   310:          6          6         10          7          9
   315:         10          6          5          7         11
   320:          1          2          8          8          6
   325:          8          5          6          9          5
   330:          8         12          6          6          6
   335:          9          5          3          8          7
   340:          9         10         10          4          9
   345:          8          8         10          5          6
   350:         10          9          5          7          9
   355:          9          3          7          5          5
   360:          4         10          5          6          7
   365:          8          4          7          3          7
   370:          5         11         11          7          2
   375:          9          8          7          6          1
   380:          7          3          6          5         10
   385:          6          6          4          7          8
   390:          7          9          6          8          4
   395:          4          4          9          6          8
   400:          6          5          7          8          3
   405:          8          5          5          8          3
   410:          4          5          7          7          7
   415:          5          4          8          4          4
   420:          2          2          5          6          2
   425:          7          7          6          6          7
   430:          6          3          7          8          7
   435:          3          6          6          7          6
   440:          1          1          4          8          4
   445:          6          4          4          8          4
   450:          5          3          4          4          2
   455:          6         11          4          4          4
   460:          9          4          4          9          5
   465:          9          7          7          8          5
   470:         11          8          6          4          6
   475:          8         14          7          6         10
   480:          8         18          3         12         16
   485:         11          8         11          8         11
   490:         10         12         19         17          9
   495:         17         10         10         11         15
   500:         11         14         14         10          6
   505:         15         16         11         13         25
   510:         13         11         14         14         16
   515:         19          9         12         12         15
   520:         16         16          9         15          9
   525:         16         10          7          7         12
   530:          7          6          9         12          6
   535:          2          7         15          6          3
   540:          9          3          6          8          9
   545:          8          5          5         13          8
   550:          4          7          4          5          8
   555:         10          4          2          6         11
   560:          5          4          1          5          4
   565:          5          5          5          5          3
   570:          5          8          6          6          4
   575:          3          8          4          4          6
   580:          3          1          3          6          3
   585:          5          4          1          3          2
   590:          3          7          2          3          2
   595:          6          4          4          6          3
   600:          0          3          3          4          3
   605:          7          6          4          3          5
   610:          6          4          2          4          3
   615:          2          4          7          5          5
   620:          2          1          5          3          4
   625:          1          3          2          4          2
   630:          3          3          3          3          3
   635:          2          7          1          7          2
   640:          4          5          5          0          5
   645:          3          2          0          5          3
   650:          2          7          3          4          1
   655:          5          5          2          4          4
   660:          5          3          2          6          2
   665:          4          1          6          3          4
   670:          2          4          1          5          5
   675:          4          2          0          1          0
   680:          0          1          2          2          4
   685:          5          3          4          6          3
   690:          2          6          3          3          0
   695:          1          4          2          0          3
   700:          3          3          5          2          4
   705:          2          7          3          4          3
   710:          3          5          3          4          3
   715:          2          5          2          2          1
   720:          4          3          4          1          3
   725:          2          3          6          3          3
   730:          2          2          3          4          4
   735:          0          2          3          4          3
   740:          2          3          6          4          1
   745:          1          3          2          2          1
   750:          1          3          1          7          0
   755:          6          3          3          5          2
   760:          3          7          2          1          7
   765:          2          3          4          2          2
   770:          4          4          2          1          3
   775:          4          2          5          0          2
   780:          0          2          2          1          6
   785:          1          2          3          0          2
   790:          5          2          1          3          4
   795:          2          1          5          2          2
   800:          2          7          4          3          0
   805:          0          5          2          1          4
   810:          5          3          3          3          1
   815:          7          2          0          2          4
   820:          1          2          6          2          7
   825:          3          4          1          2          3
   830:          7          2          1          6          3
   835:          2          7          2          2          3
   840:          2          3          2          3          4
   845:          3          5          1          2          2
   850:          3          2          6          3          3
   855:          2          2          3          4          5
   860:          5          3          3          4          2
   865:          2          2          6          4          1
   870:          2          2          3          9          4
   875:          6          3          4          1          6
   880:          2          1          5          3          3
   885:          2          3          3          4          7
   890:          5          5          1          1          2
   895:          2          3          2          3          2
   900:          5          3          5          2          2
   905:          3          4          0          2          4
   910:          6          1          3          2          3
   915:          1          6          5          1          3
   920:          4          7          6          9          2
   925:          3          3          5          1          2
   930:          3          6          5          5          3
   935:          2          3          7          4          3
   940:          3          3          3          5          1
   945:          3          2          3          5          3
   950:          5          6          3          3          1
   955:          4          3          5          4          4
   960:          6          8          5          2          2
   965:          4          3          3          3          7
   970:          4          3          4          6          7
   975:          7          7          5          3          4
   980:          4          2          2          4          7
   985:          2          2          8          7          7
   990:          4          3          6          2          1
   995:          1          2          2          4          2
  1000:          4          6          4          8          4
  1005:          5          9          3          4          2
  1010:          1          1          5          3          5
  1015:          6          2          0          2          3
  1020:          3          3          4          0          4
  1025:          6          2          4          3          3
  1030:          3          4          4          1          2
  1035:          1          1          1          4          1
  1040:          1          4          2          3          5
  1045:          2          4          1          4          1
  1050:          2          0          0          3          0
  1055:          1          4          2          0          3
  1060:          3          1          4          2          4
  1065:          5          1          3          3          3
  1070:          1          6          0          4          1
  1075:          1          4          2          1          0
  1080:          4          1          2          4          1
  1085:          2          1          3          2          4
  1090:          1          4          2          3          2
  1095:          0          0          2          5          1
  1100:          1          3          3          2          3
  1105:          4          2          1          2          3
  1110:          5          0          3          1          2
  1115:          0          4          1          1          2
  1120:          1          6          2          3          2
  1125:          3          3          2          1          3
  1130:          2          5          1          4          0
  1135:          2          6          1          1          0
  1140:          1          0          2          1          3
  1145:          2          4          8          3          4
  1150:          1          2          4          3          0
  1155:          3          1          6          3          3
  1160:          3          2          1          2          2
  1165:          1          1          2          2          5
  1170:          3          2          0          1          1
  1175:          1          2          3          3          3
  1180:          2          3          1          1          0
  1185:          3          1          2          2          2
  1190:          0          2          2          0          1
  1195:          2          4          2          4          3
  1200:          3          2          3          2          0
  1205:          1          0          5          2          5
  1210:          6          0          5          3          2
  1215:          1          3          3          0          2
  1220:          0          5          5          0          0
  1225:          5          2          4          2          1
  1230:          1          4          4          1          3
  1235:          2          7          4          2          5
  1240:          0          8          4          5          7
  1245:          2          2          2          5          5
  1250:          4          4          8          3          4
  1255:          4          1          3          4          2
  1260:          5          3          1          8          6
  1265:          2          9          4          6          6
  1270:          1          2          1          3          6
  1275:          2          4          6          8          6
  1280:          3          5          4         10          5
  1285:          5          5          3          5          4
  1290:          4         11          6          4          7
  1295:          5          4          5          4          2
  1300:          5          1          8          4          3
  1305:          1          1          2          4          4
  1310:          2          6          3          1          4
  1315:          3          3          5          2          2
  1320:          2          5          3          4          2
  1325:          2          7          3          2          3
  1330:          3          3          3          5          3
  1335:          1          5          0          3          2
  1340:          4          3          2          5          2
  1345:          1          5          2          4          4
  1350:          2          3          3          3          2
  1355:          2          5          2          1          2
  1360:          1          1          1          1          3
  1365:          2          1          2          2          3
  1370:          1          1          1          2          1
  1375:          2          0          3          0          2
  1380:          1          2          1          1          2
  1385:          3          2          3          0          0
  1390:          1          1          1          3          3
  1395:          4          0          0          2          0
  1400:          1          0          0          2          1
  1405:          2          0          1          0          0
  1410:          2          4          1          4          3
  1415:          0          1          1          5          0
  1420:          2          4          0          0          1
  1425:          1          0          0          1          2
  1430:          0          0          1          1          2
  1435:          1          1          3          0          0
  1440:          3          3          4          3          4
  1445:          2          2          1          1          3
  1450:          3          2          1          2          1
  1455:          1          1          4          3          1
  1460:          1          5          0          1          4
  1465:          4          1          3          3          2
  1470:          2          3          1          2          4
  1475:          1          3          3          3          1
  1480:          3          2          3          1          1
  1485:          1          1          2          5          2
  1490:          2          4          3          4          3
  1495:          1          3          2          4          2
  1500:          6          4          2          0          1
  1505:          3          2          7          3          2
  1510:          5          1          2          4          2
  1515:          2          1          4          1          4
  1520:          1          6          4          1          1
  1525:          2          2          2          6          1
  1530:          4          5          3          1          0
  1535:          2          7          4          4          4
  1540:          1          6          2          3          4
  1545:          2          2          3          2          4
  1550:          3          3          1          4          3
  1555:          4          5          0          1          2
  1560:          0          3          8          2          2
  1565:          4          0          1          2          1
  1570:          3          2          2          2          2
  1575:          3          1          2          2          2
  1580:          3          1          3          2          1
  1585:          1          4          3          0          1
  1590:          1          1          1          3          2
  1595:          3          1          4          3          1
  1600:          3          3          1          1          0
  1605:          0          1          1          1          1
  1610:          2          1          0          0          0
  1615:          1          1          0          1          0
  1620:          3          0          1          0          2
  1625:          2          2          0          2          0
  1630:          0          1          1          0          2
  1635:          1          0          0          1          0
  1640:          0          1          0          0          1
  1645:          0          0          0          0          0
  1650:          0          0          0          0          1
  1655:          0          0          0          0          2
  1660:          1          0          0          0          0
  1665:          0          0          0          0          0
  1670:          0          0          0          0          0
  1675:          0          1          0          0          0
  1680:          0          0          0          0          0
  1685:          0          0          1          0          2
  1690:          2          0          0          1          1
  1695:          1          0          1          0          1
  1700:          0          1          1          0          2
  1705:          0          0          1          0          0
  1710:          0          0          0          1          0
  1715:          0          1          2          1          1
  1720:          0          0          2          0          1
  1725:          1          0          1          0          0
  1730:          0          1          1          0          0
  1735:          1          0          1          0          0
  1740:          0          0          0          0          0
  1745:          1          1          0          0          0
  1750:          0          0          1          1          0
  1755:          0          0          1          0          1
  1760:          0          1          0          1          1
  1765:          0          0          1          1          0
  1770:          0          0          0          0          0
  1775:          1          0          1          1          0
  1780:          0          0          0          0          1
  1785:          1          0          1          1          0
  1790:          1          0          1          0          0
  1795:          2          0          0          1          2
  1800:          0          0          0          0          0
  1805:          2          0          0          1          1
  1810:          1          0          0          1          0
  1815:          0          0          1          0          0
  1820:          0          0          1          0          0
  1825:          0          0          0          1          0
  1830:          0          1          3          0          0
  1835:          0          0          0          1          0
  1840:          0          0          0          0          0
  1845:          1          2          0          0          0
  1850:          0          0          0          0          1
  1855:          0          0          0          1          0
  1860:          0          1          1          1          0
  1865:          0          0          0          0          0
  1870:          0          0          0          0          0
  1875:          0          0          0          0          0
  1880:          0          0          0          0          0
  1885:          0          0          0          0          0
  1890:          0          0          0          0          0
  1895:          0          0          0          0          0
  1900:          0          0          0          0          0
  1905:          0          0          0          0          0
  1910:          0          0          0          0          0
  1915:          0          0          0          0          0
  1920:          0          0          0          0          0
  1925:          0          0          0          0          0
  1930:          0          0          0          0          0
  1935:          0          0          0          0          0
  1940:          0          0          0          0          0
  1945:          0          0          0          0          0
  1950:          0          0          0          0          0
  1955:          0          0          0          0          0
  1960:          0          0          0          0          0
  1965:          0          0          0          0          0
  1970:          0          0          0          0          0
  1975:          0          0          0          0          0
  1980:          0          0          0          0          0
  1985:          0          0          0          0          0
  1990:          0          0          0          0          0
  1995:          0          0          0          0          0
  2000:          0          0          0          0          0
  2005:          0          0          0          0          0
  2010:          0          0          0          0          0
  2015:          0          0          0          0          0
  2020:          0          0          0          0          0
  2025:          0          0          0          0          0
  2030:          0          0          0          0          0
  2035:          0          0          0          0          0
  2040:          0          0          0          0          0
  2045:          0          0          0
