ACQUISITION INFORMATION

Detector ID:  1
Detector description:
COS12ZBPR3 Easy-MCA-2k SN 16145344
Sample description:
Background
Real Time:  10.880000
Live Time:  10.860000
Acquisition start date:  22Feb2024
Acquisition start time:  12:00:25
Starting channel number:   0
Number of channels:   2048


CALIBRATION INFORMATION

ENERGY CALIBRATION
Units:
Energy Fit:  0.000000E+000  8.379747E-001  0.000000E+000
FWHM Fit:  0.000000E+000  0.000000E+000  0.000000E+000
Efficiency Terms:  0.000000  0.000000  0.000000  0.000000  0.000000
  0.000000  0.000000  0.000000  0.000000  0.000000


SPECTRUM
     0:          0          0          0          0          0
     5:          0          9          6          2          3
    10:          2          6          4          4          2
    15:          2          7          2          2          1
    20:          5          4          7          1          3
    25:          2          8          7          5          7
    30:          4          4          3          7          2
    35:          4          6          7          8          7
    40:          0          4          1          2          4
    45:          3          4          6          7          2
    50:          3          6          4          3          4
    55:          6          3          2          4          9
    60:          2          2          1          2          4
    65:          4          3          5          6          2
    70:          4          5          1          4          5
    75:          1          3          6          3          3
    80:          2          2          3          4          4
    85:          3          8          4          5          7
    90:          2          7          2          5          4
    95:          5         10          3          5          4
   100:          6          8          8          3          5
   105:          7          5          2          1          2
   110:          8          3          5          3          1
   115:          6          5          7          2          3
   120:          8          7          1          2          5
   125:          3          7          3          6          5
   130:          4          8          7          5          1
   135:          3          3          2          3          3
   140:          3          4          1          6          4
   145:          4          9          8          8          3
   150:          8          6          8          1          1
   155:          5          3          4          4          4
   160:          6          7          9          5          9
   165:          9          4         11          8         12
   170:          5          7          9          7         11
   175:          6          9          9          8          6
   180:          6          9          6         11          8
   185:          5         12          6          3          9
   190:          5          5          2          5          6
   195:          6          3          2          1          7
   200:          7          9          2          4          4
   205:          7          4          6          6          9
   210:          3          5          9          6          5
   215:          2          4          7          5          5
   220:          7          4          7          4          8
   225:          3          4          2          7          1
   230:          7          4          9          5          6
   235:          6         11          7          3          4
   240:          7          6          6          0          2
   245:          4          4          7          7          8
   250:          2          7          2          2          7
   255:          8          5         12          5          5
   260:          7          5          3          6          6
   265:          5          6          2         10          4
   270:          4          4          2          5          8
   275:          4          6          5          3         10
   280:          3          6          9          2          7
   285:          7          9          7          4          6
   290:          7          4          1          7          5
   295:          4          3          5          6          4
   300:          6          7          8          7          6
   305:          3          4          6          4          4
   310:          3          4          5          3          6
   315:          6          2          7          6          4
   320:          3          1          3          3          4
   325:          4          7          5          6          7
   330:          2          5          3          3          4
   335:          3          3          4          2          6
   340:          2          3          2          4          3
   345:          6          4          4          3          2
   350:          1          3          5          2          6
   355:          1          3          4          3          4
   360:          7          3          8          1          3
   365:          2          6          8          2          4
   370:          1          7          4          9          6
   375:          2          5          3          3          6
   380:          2          5          2          1          6
   385:          4          3          3          4          5
   390:          3          4          2          3          3
   395:          2          5          3          1          3
   400:          5          5          6          2          0
   405:          2          5          2          5          3
   410:          2          4          4          4          2
   415:          2          4          4          3          7
   420:          3          4          3          4          4
   425:          4          4          2          2          3
   430:          3          3          2          2          4
   435:          3          6          4          1          8
   440:          2          1          3          6          3
   445:          3          2          4          2          1
   450:          2          3          2          5          4
   455:          1          4          3          8          4
   460:          1          3          2          1          2
   465:          6          3          2          5          4
   470:          3          3          3          7          2
   475:          6          7          6          9          3
   480:          5          4          6          4          4
   485:          3          8          4          6          3
   490:          8         14          9         10          9
   495:          5          5          9          4          9
   500:          8          3          9          9          4
   505:         10         10          7          4          6
   510:          4          6          5          7          8
   515:         14          3          4          7          3
   520:          6          6         12          4          3
   525:          3          6          8          8          6
   530:          6          5          6          4          4
   535:          5          3          3          4          4
   540:          7          8          2          3          6
   545:          2          3          4          3          0
   550:          7          2          4          5          3
   555:          3          3          3          5          3
   560:          2          3          0          3          3
   565:          3          2          3          5          1
   570:          4          1          2          2          2
   575:          3          2          3          1          1
   580:          1          4          2          1          1
   585:          1          1          1          2          0
   590:          0          1          4          0          5
   595:          2          1          3          2          2
   600:          2          0          1          1          1
   605:          2          3          1          2          2
   610:          1          0          2          2          1
   615:          2          2          2          0          1
   620:          2          3          1          1          1
   625:          2          2          1          1          2
   630:          0          2          1          1          2
   635:          1          1          1          2          0
   640:          0          2          3          1          0
   645:          2          2          4          1          1
   650:          0          2          1          1          2
   655:          1          1          1          2          0
   660:          2          1          1          0          1
   665:          4          0          1          3          3
   670:          3          2          2          2          3
   675:          6          2          3          1          4
   680:          0          0          2          1          3
   685:          3          2          1          0          0
   690:          3          1          0          3          3
   695:          1          2          1          3          1
   700:          1          0          2          1          2
   705:          3          0          2          1          3
   710:          1          1          0          2          3
   715:          2          2          2          5          4
   720:          2          1          2          3          0
   725:          0          2          1          2          3
   730:          1          0          2          4          1
   735:          2          3          0          0          2
   740:          4          2          2          5          1
   745:          1          4          3          3          0
   750:          2          2          2          1          0
   755:          2          1          0          4          0
   760:          2          1          3          2          1
   765:          1          1          2          1          1
   770:          1          0          0          2          1
   775:          2          1          2          6          1
   780:          0          1          5          3          1
   785:          1          3          3          0          1
   790:          0          1          3          0          4
   795:          1          2          2          4          2
   800:          1          2          2          1          1
   805:          2          0          3          2          0
   810:          1          0          3          2          2
   815:          1          2          3          0          2
   820:          1          1          2          1          2
   825:          2          2          0          0          0
   830:          2          1          2          1          1
   835:          0          1          2          2          0
   840:          1          1          0          3          1
   845:          0          4          0          0          0
   850:          0          1          1          0          1
   855:          1          1          1          1          5
   860:          1          3          1          3          2
   865:          3          1          4          1          3
   870:          2          4          1          1          1
   875:          2          2          3          2          4
   880:          0          5          1          0          4
   885:          2          3          4          0          4
   890:          7          2          2          6          2
   895:          5          3          1          1          1
   900:          3          2          3          0          3
   905:          1          2          3          2          2
   910:          1          3          2          4          1
   915:          2          2          1          2          3
   920:          5          2          2          4          1
   925:          3          4          1          1          2
   930:          3          1          1          3          6
   935:          5          1          1          4          2
   940:          1          1          2          5          4
   945:          6          4          1          4          1
   950:          1          1          0          5          2
   955:          4          3          0          3          2
   960:          2          0          1          0          0
   965:          2          0          1          4          0
   970:          1          1          2          3          2
   975:          3          5          2          2          2
   980:          1          1          4          3          1
   985:          5          3          3          5          1
   990:          4          2          1          4          2
   995:          1          6          2          1          3
  1000:          3          4          1          1          1
  1005:          3          3          0          2          5
  1010:          2          1          1          1          2
  1015:          2          0          1          3          2
  1020:          1          3          1          2          3
  1025:          2          0          6          0          1
  1030:          0          2          2          2          1
  1035:          0          0          1          1          1
  1040:          1          2          2          1          1
  1045:          3          0          1          1          2
  1050:          2          0          1          2          5
  1055:          1          0          1          3          0
  1060:          2          1          0          1          2
  1065:          1          2          1          0          1
  1070:          0          2          1          0          2
  1075:          0          1          1          1          1
  1080:          3          0          0          1          1
  1085:          1          0          1          1          1
  1090:          2          1          2          1          1
  1095:          2          2          1          3          0
  1100:          2          0          0          1          2
  1105:          2          0          2          1          1
  1110:          1          1          1          1          1
  1115:          1          0          1          1          0
  1120:          4          3          0          0          2
  1125:          4          1          1          0          2
  1130:          0          0          2          0          2
  1135:          2          1          1          1          0
  1140:          0          3          2          1          1
  1145:          1          1          4          1          0
  1150:          0          3          0          3          1
  1155:          2          3          0          3          1
  1160:          1          2          0          2          1
  1165:          4          0          2          0          1
  1170:          1          1          1          0          3
  1175:          1          0          0          3          1
  1180:          1          1          1          1          2
  1185:          0          0          0          1          3
  1190:          2          1          4          4          3
  1195:          2          2          1          3          2
  1200:          1          7          4          1          0
  1205:          3          1          1          2          1
  1210:          1          1          1          2          2
  1215:          1          2          2          1          2
  1220:          4          2          3          1          1
  1225:          2          1          2          3          2
  1230:          3          0          1          2          5
  1235:          2          3          2          2          4
  1240:          3          0          1          3          1
  1245:          4          4          2          3          3
  1250:          1          2          1          3          5
  1255:          0          4          1          4          2
  1260:          2          2          3          2          0
  1265:          0          6          1          0          2
  1270:          5          1          0          3          2
  1275:          1          3          0          1          2
  1280:          0          2          3          2          3
  1285:          3          2          3          2          0
  1290:          2          2          3          3          2
  1295:          4          3          1          1          0
  1300:          4          0          3          4          3
  1305:          0          3          3          2          2
  1310:          2          0          4          0          4
  1315:          1          1          1          0          3
  1320:          0          2          1          2          2
  1325:          0          0          1          1          2
  1330:          3          0          6          0          3
  1335:          1          2          2          4          1
  1340:          1          2          2          0          0
  1345:          2          3          2          2          2
  1350:          2          2          3          0          0
  1355:          2          3          1          0          0
  1360:          1          2          3          1          0
  1365:          2          2          0          1          3
  1370:          0          0          1          0          0
  1375:          2          0          1          0          1
  1380:          0          0          0          1          1
  1385:          1          2          0          1          0
  1390:          0          1          1          2          0
  1395:          1          1          1          1          1
  1400:          0          0          0          1          2
  1405:          1          3          0          0          1
  1410:          1          2          1          0          0
  1415:          3          0          2          2          0
  1420:          1          1          2          1          2
  1425:          2          2          1          2          0
  1430:          2          1          3          1          2
  1435:          1          1          1          0          2
  1440:          2          0          0          1          0
  1445:          2          0          0          3          0
  1450:          1          2          1          1          1
  1455:          3          3          3          2          1
  1460:          3          1          0          2          4
  1465:          1          1          2          0          2
  1470:          1          1          2          1          3
  1475:          3          4          2          2          2
  1480:          3          0          2          1          1
  1485:          1          2          2          1          2
  1490:          3          0          2          1          1
  1495:          3          2          1          1          0
  1500:          1          2          0          0          1
  1505:          1          1          3          2          4
  1510:          2          2          0          1          2
  1515:          1          4          2          2          0
  1520:          3          1          1          2          1
  1525:          1          1          2          1          1
  1530:          1          2          2          3          0
  1535:          2          2          1          0          2
  1540:          1          0          2          1          1
  1545:          3          1          3          2          1
  1550:          2          3          1          0          3
  1555:          1          2          1          0          4
  1560:          0          0          0          0          0
  1565:          2          1          0          0          2
  1570:          1          3          1          4          1
  1575:          2          1          1          1          0
  1580:          0          0          1          1          0
  1585:          0          0          1          1          0
  1590:          1          2          1          0          0
  1595:          1          0          0          0          0
  1600:          0          0          3          1          1
  1605:          0          1          2          1          1
  1610:          0          0          0          0          0
  1615:          1          0          0          1          0
  1620:          1          1          1          0          1
  1625:          1          1          0          0          2
  1630:          1          0          0          0          0
  1635:          1          0          1          0          0
  1640:          0          0          0          0          2
  1645:          1          1          0          0          1
  1650:          0          0          0          0          0
  1655:          1          0          0          1          1
  1660:          0          0          0          0          1
  1665:          0          0          1          0          0
  1670:          1          0          0          0          0
  1675:          0          1          0          1          0
  1680:          0          0          0          0          0
  1685:          0          0          0          0          0
  1690:          0          0          0          1          0
  1695:          1          1          0          0          0
  1700:          0          0          1          1          1
  1705:          0          1          1          0          0
  1710:          0          0          1          1          0
  1715:          2          2          1          0          1
  1720:          1          0          0          0          1
  1725:          0          0          0          0          0
  1730:          0          0          2          0          1
  1735:          0          2          0          0          1
  1740:          1          0          0          0          1
  1745:          1          1          1          0          0
  1750:          0          0          0          0          0
  1755:          1          0          0          0          0
  1760:          0          0          0          1          0
  1765:          0          0          0          0          0
  1770:          1          0          0          0          0
  1775:          0          0          1          0          1
  1780:          1          0          1          1          0
  1785:          0          1          0          0          0
  1790:          0          0          0          0          0
  1795:          0          0          0          0          1
  1800:          0          0          0          0          0
  1805:          0          0          0          0          0
  1810:          0          0          1          0          0
  1815:          0          0          1          0          0
  1820:          0          0          0          0          1
  1825:          0          0          0          0          0
  1830:          0          0          0          0          0
  1835:          0          0          0          0          0
  1840:          0          0          0          1          0
  1845:          0          0          0          0          0
  1850:          0          0          1          0          0
  1855:          0          1          0          0          1
  1860:          0          1          0          0          0
  1865:          0          1          0          0          0
  1870:          0          0          0          0          0
  1875:          0          0          0          0          0
  1880:          0          0          0          0          0
  1885:          0          0          0          0          0
  1890:          0          0          0          0          0
  1895:          0          0          0          0          0
  1900:          0          0          0          0          0
  1905:          0          0          0          0          0
  1910:          0          0          0          0          0
  1915:          0          0          0          0          0
  1920:          0          0          0          0          0
  1925:          0          0          0          0          0
  1930:          0          0          0          0          0
  1935:          0          0          0          0          0
  1940:          0          0          0          0          0
  1945:          0          0          0          0          0
  1950:          0          0          0          0          0
  1955:          0          0          0          0          0
  1960:          0          0          0          0          0
  1965:          0          0          0          0          0
  1970:          0          0          0          0          0
  1975:          0          0          0          0          0
  1980:          0          0          0          0          0
  1985:          0          0          0          0          0
  1990:          0          0          0          0          0
  1995:          0          0          0          0          0
  2000:          0          0          0          0          0
  2005:          0          0          0          0          0
  2010:          0          0          0          0          0
  2015:          0          0          0          0          0
  2020:          0          0          0          0          0
  2025:          0          0          0          0          0
  2030:          0          0          0          0          0
  2035:          0          0          0          0          0
  2040:          0          0          0          0          0
  2045:          0          0          0
