ACQUISITION INFORMATION

Detector ID:  1
Detector description:
COS12ZBPR3 Easy-MCA-2k SN 16145344
Sample description:
Background
Real Time:  12.140000
Live Time:  12.100000
Acquisition start date:  22Feb2024
Acquisition start time:  11:50:13
Starting channel number:   0
Number of channels:   2048


CALIBRATION INFORMATION

ENERGY CALIBRATION
Units:
Energy Fit:  0.000000E+000  8.379747E-001  0.000000E+000
FWHM Fit:  0.000000E+000  0.000000E+000  0.000000E+000
Efficiency Terms:  0.000000  0.000000  0.000000  0.000000  0.000000
  0.000000  0.000000  0.000000  0.000000  0.000000


SPECTRUM
     0:          0          0          0          0          0
     5:          4          4          5          1          7
    10:          6          2          2          6          3
    15:          5          4          5          7         11
    20:          4          6          6          5          5
    25:          6          8          7          6          9
    30:          8          6          3          9          7
    35:          3          1          2          4          5
    40:         14          6          6          6          3
    45:          2          5          4          5          4
    50:          6          4          7          7          7
    55:          7          8          1          3          4
    60:          6          6          2          4          5
    65:          6          2          4          5          1
    70:          5          6          8          3          4
    75:          7          8          4          3          7
    80:          3          1          3          3          5
    85:          3          5          3          8          7
    90:          5         12          9          5          8
    95:          5          3          2          5          8
   100:          5          5          3          7          7
   105:          6          7          5          8          4
   110:          5          6          5          6          7
   115:          2          9          5          5          3
   120:          7          2          8          6          5
   125:          3          7          4          1         11
   130:          7          6          6          7         10
   135:          4          2          5          6          3
   140:          7          3          5          2          2
   145:          3          4          3          8          1
   150:          4          1          7          6          4
   155:         11          9         10          6          5
   160:          3          8          5         12          8
   165:          9          6          6          7         12
   170:          9         14          9          9         17
   175:         16         13          6          6         13
   180:          5         14          9          7          9
   185:          5          6         11          9          7
   190:          7          4          4          9          3
   195:          4          7          5          6          3
   200:          9          5          8          6          6
   205:          3          2          8          5          8
   210:          4          7          6         12          7
   215:          3          4          4          7          3
   220:          8          8          8          8         10
   225:          6          3         10         10          4
   230:          4          8          1          9          7
   235:          5          8          9          5          8
   240:          6          7          6          4          7
   245:          7          9          5          6          6
   250:          7         10          4          7          8
   255:          9          8          4          9         13
   260:         12          6          6          4          4
   265:          6          4          7         12         14
   270:          9          7         13          5          6
   275:         10          7          8          8          9
   280:          8          9          7          8          8
   285:          9          5          4          7          6
   290:          5          2          4          8          7
   295:         10          5         10          8          5
   300:          3          4         10         10          5
   305:          5          9          4         11          1
   310:          1          2          6          7          5
   315:          4          7          5          4          9
   320:          5          6          6          5          5
   325:          8          3          5          3          2
   330:          4          7          6         11          6
   335:          3          8          8          9          3
   340:          5          0          5          5          3
   345:          4          4          5          4          7
   350:          2          5          5          1          6
   355:          3          7          3          3          3
   360:          5          8          6          6          5
   365:          7          9          5          5          2
   370:          4          6          2          2          3
   375:          5          4          4          3          5
   380:          4          4          6          3          8
   385:          2          6          8          6          5
   390:          7          3          3          2          5
   395:          5          4          5          5          2
   400:          2          2          3          1          4
   405:          3          5          2          5          3
   410:          3          8          5          7          5
   415:          7          1          3          8          8
   420:          5          7          6          6          4
   425:          3          5          6          1          3
   430:          2          5          2          4          5
   435:          3          2          2          4          4
   440:          5          4          3          3          3
   445:          5          4          7          3          1
   450:          2          3          3          1          7
   455:          4          6          4          7          2
   460:          3          5          2         11          3
   465:          7          4          3          6          5
   470:          9          2          5          1          4
   475:          6          5          4          5          7
   480:          6         11          7          4         13
   485:          6          2          6          3          7
   490:         10         12          5          6          8
   495:         12          6          6          3         11
   500:         13         11         15         10         14
   505:         11          3          6         10          6
   510:         11         10          9          1          7
   515:          7          8          6          8         12
   520:          5          9          7          8          7
   525:         10          8         11          6          8
   530:         11          7          4          6          4
   535:          5          7          7          3          4
   540:          6          3          6          7          1
   545:          5          1          4          6          5
   550:          6          1          3          2          4
   555:          6          4          2          2          4
   560:          3          4          3          2          1
   565:          0          1          2          1          1
   570:          3          4          2          3          2
   575:          3          4          2          1          1
   580:          4          5          4          1          3
   585:          2          3          2          6          1
   590:          2          3          3          1          5
   595:          4          5          2          3          3
   600:          1          0          2          2          3
   605:          1          2          1          4          4
   610:          3          4          2          4          3
   615:          3          6          1          3          3
   620:          4          3          2          2          3
   625:          3          4          2          3          2
   630:          1          2          2          2          2
   635:          4          3          3          6          3
   640:          2          1          4          2          1
   645:          0          1          2          3          4
   650:          2          0          1          2          1
   655:          4          1          4          0          2
   660:          4          3          3          2          2
   665:          2          4          0          4          4
   670:          1          2          1          1          1
   675:          5          2          1          1          1
   680:          2          3          3          2          4
   685:          4          2          4          5          1
   690:          4          3          7          4          2
   695:          1          4          2          3          1
   700:          2          1          3          2          1
   705:          3          2          1          3          2
   710:          1          2          3          2          4
   715:          3          4          1          2          3
   720:          0          3          1          2          1
   725:          2          4          3          1          2
   730:          3          2          3          2          3
   735:          1          1          1          1          4
   740:          1          2          3          1          3
   745:          2          3          1          2          1
   750:          6          1          2          1          3
   755:          3          3          1          0          2
   760:          4          4          0          4          3
   765:          3          2          4          2          3
   770:          1          2          2          1          4
   775:          2          1          4          3          1
   780:          2          3          1          3          1
   785:          0          2          2          3          4
   790:          1          0          2          2          2
   795:          4          1          0          1          3
   800:          1          4          1          3          3
   805:          0          4          2          0          3
   810:          3          0          3          0          2
   815:          1          1          4          4          3
   820:          3          1          3          3          1
   825:          1          4          0          4          3
   830:          3          2          1          2          5
   835:          2          4          5          0          1
   840:          4          2          1          5          0
   845:          1          2          3          1          1
   850:          3          0          3          1          2
   855:          1          0          2          5          2
   860:          4          5          5          1          2
   865:          3          3          0          4          2
   870:          1          2          2          1          0
   875:          5          6          2          4          0
   880:          3          1          4          1          4
   885:          0          4          1          3          2
   890:          2          4          1          2          0
   895:          5          4          4          1          1
   900:          2          2          3          1          3
   905:          5          1          2          1          1
   910:          4          2          4          1          3
   915:          1          1          1          1          4
   920:          2          6          4          4          3
   925:          2          6          1          4          3
   930:          1          5          2          4          2
   935:          1          3          4          4          5
   940:          1          2          5          2          2
   945:          3          3          1          5          2
   950:          1          2          2          2          1
   955:          8          3          1          2          5
   960:          1          4          5          3          3
   965:          4          7          3          2          2
   970:          3          2          0          4          5
   975:          4          0          3          4          7
   980:          2          4          2          4          3
   985:          3          3          1          2          4
   990:          4          5          0          3          2
   995:          4          2          5          1          3
  1000:          2          0          3          3          3
  1005:          3          2          5          7          2
  1010:          5          0          2          2          2
  1015:          1          2          1          1          0
  1020:          5          3          1          4          1
  1025:          2          3          1          2          3
  1030:          2          3          5          0          1
  1035:          3          1          2          1          1
  1040:          2          1          4          1          2
  1045:          1          1          2          1          4
  1050:          4          4          3          0          1
  1055:          3          0          0          0          2
  1060:          2          1          2          1          0
  1065:          1          1          1          5          6
  1070:          3          2          5          2          2
  1075:          1          2          2          1          1
  1080:          2          4          3          2          3
  1085:          1          2          1          1          0
  1090:          1          0          0          2          1
  1095:          6          4          1          2          1
  1100:          2          2          1          1          1
  1105:          1          0          1          1          0
  1110:          6          0          1          5          1
  1115:          3          4          1          2          1
  1120:          6          2          2          2          1
  1125:          3          2          3          1          1
  1130:          0          0          3          1          2
  1135:          3          0          1          2          0
  1140:          0          5          2          3          2
  1145:          0          2          1          1          1
  1150:          2          1          3          2          1
  1155:          2          4          1          0          3
  1160:          0          2          1          3          4
  1165:          0          1          2          3          2
  1170:          3          2          3          0          2
  1175:          3          0          2          0          0
  1180:          0          3          3          0          1
  1185:          1          2          0          2          1
  1190:          1          3          3          1          2
  1195:          5          1          3          4          4
  1200:          2          0          1          0          1
  1205:          1          2          1          3          1
  1210:          2          2          2          2          2
  1215:          2          2          1          3          4
  1220:          2          2          3          2          2
  1225:          1          6          0          2          0
  1230:          3          1          0          2          2
  1235:          0          2          2          2          4
  1240:          2          5          4          3          2
  1245:          3          0          4          4          4
  1250:          1          4          2          6          4
  1255:          2          1          3          2          2
  1260:          4          1          4          3          2
  1265:          4          3          1          5          6
  1270:          3          3          0          1          2
  1275:          1          3          3          3          2
  1280:          0          2          2          3          2
  1285:          3          1          4          2          4
  1290:          4          2          4          6          2
  1295:          3          1          6          3          1
  1300:          4          4          1          2          6
  1305:          4          3          7          3          2
  1310:          3          3          0          2          2
  1315:          1          3          0          2          2
  1320:          0          4          5          3          4
  1325:          4          1          3          1          2
  1330:          4          2          4          4          2
  1335:          0          3          1          2          4
  1340:          2          1          3          1          0
  1345:          3          3          2          3          2
  1350:          2          3          1          1          1
  1355:          2          3          0          1          1
  1360:          1          1          1          2          1
  1365:          0          0          0          1          1
  1370:          3          0          1          0          1
  1375:          2          2          1          0          1
  1380:          2          2          1          2          0
  1385:          1          0          1          1          3
  1390:          3          0          0          1          4
  1395:          1          1          1          2          0
  1400:          1          0          0          1          0
  1405:          1          1          0          0          0
  1410:          0          1          0          0          1
  1415:          1          1          1          1          0
  1420:          1          0          4          1          1
  1425:          1          1          1          0          0
  1430:          0          0          2          1          2
  1435:          0          1          3          1          0
  1440:          0          1          5          1          2
  1445:          1          2          1          0          2
  1450:          3          1          6          1          2
  1455:          1          1          1          1          1
  1460:          1          5          2          1          0
  1465:          3          0          2          2          3
  1470:          2          2          2          4          1
  1475:          3          0          3          2          1
  1480:          3          3          3          3          2
  1485:          3          3          3          4          2
  1490:          1          1          4          4          1
  1495:          3          3          1          1          1
  1500:          2          3          2          3          1
  1505:          1          1          2          7          3
  1510:          5          3          4          3          4
  1515:          4          1          1          2          2
  1520:          4          0          0          4          2
  1525:          0          2          2          0          4
  1530:          1          0          0          3          4
  1535:          3          3          0          2          1
  1540:          3          5          1          4          1
  1545:          2          1          1          2          1
  1550:          1          0          1          1          1
  1555:          1          0          0          3          3
  1560:          3          0          1          4          3
  1565:          1          1          3          5          3
  1570:          3          1          3          1          1
  1575:          1          2          3          0          1
  1580:          1          0          0          1          1
  1585:          1          1          3          2          0
  1590:          1          0          3          2          1
  1595:          0          1          0          1          1
  1600:          1          1          2          0          0
  1605:          0          0          1          1          1
  1610:          0          1          1          0          0
  1615:          0          0          1          0          1
  1620:          1          0          0          1          0
  1625:          0          1          0          0          0
  1630:          0          2          1          2          0
  1635:          0          0          0          0          0
  1640:          0          0          0          0          1
  1645:          0          0          0          1          0
  1650:          0          0          1          0          0
  1655:          0          0          0          2          0
  1660:          0          2          0          0          0
  1665:          0          1          0          0          1
  1670:          0          0          0          0          0
  1675:          1          1          1          0          1
  1680:          0          1          0          0          0
  1685:          0          0          0          0          1
  1690:          0          2          0          1          0
  1695:          0          0          1          0          0
  1700:          0          1          0          0          0
  1705:          0          0          1          0          0
  1710:          0          0          0          1          0
  1715:          0          1          0          2          0
  1720:          0          0          0          0          0
  1725:          1          2          0          1          0
  1730:          1          1          0          0          0
  1735:          1          0          0          1          1
  1740:          0          0          1          0          0
  1745:          1          0          0          0          0
  1750:          0          0          1          1          0
  1755:          1          0          0          0          0
  1760:          0          0          1          0          1
  1765:          0          0          1          0          0
  1770:          0          0          1          1          0
  1775:          0          0          1          2          0
  1780:          4          0          1          1          1
  1785:          1          0          0          0          0
  1790:          0          0          0          1          0
  1795:          1          0          0          0          0
  1800:          1          1          0          0          0
  1805:          1          1          0          1          0
  1810:          0          1          0          0          0
  1815:          0          0          2          0          1
  1820:          1          0          0          0          0
  1825:          0          0          0          0          1
  1830:          0          1          0          0          0
  1835:          0          0          0          0          0
  1840:          0          0          0          0          0
  1845:          1          0          0          0          0
  1850:          0          0          1          0          2
  1855:          0          0          0          0          1
  1860:          0          0          1          0          0
  1865:          1          0          0          0          0
  1870:          0          0          0          0          0
  1875:          0          0          0          0          0
  1880:          0          0          0          0          0
  1885:          0          0          0          0          0
  1890:          0          0          0          0          0
  1895:          0          0          0          0          0
  1900:          0          0          0          0          0
  1905:          0          0          0          0          0
  1910:          0          0          0          0          0
  1915:          0          0          0          0          0
  1920:          0          0          0          0          0
  1925:          0          0          0          0          0
  1930:          0          0          0          0          0
  1935:          0          0          0          0          0
  1940:          0          0          0          0          0
  1945:          0          0          0          0          0
  1950:          0          0          0          0          0
  1955:          0          0          0          0          0
  1960:          0          0          0          0          0
  1965:          0          0          0          0          0
  1970:          0          0          0          0          0
  1975:          0          0          0          0          0
  1980:          0          0          0          0          0
  1985:          0          0          0          0          0
  1990:          0          0          0          0          0
  1995:          0          0          0          0          0
  2000:          0          0          0          0          0
  2005:          0          0          0          0          0
  2010:          0          0          0          0          0
  2015:          0          0          0          0          0
  2020:          0          0          0          0          0
  2025:          0          0          0          0          0
  2030:          0          0          0          0          0
  2035:          0          0          0          0          0
  2040:          0          0          0          0          0
  2045:          0          0          0
