ACQUISITION INFORMATION

Detector ID:  1
Detector description:
COS12ZBPR3 Easy-MCA-2k SN 16145344
Sample description:
Background
Real Time:  13.560000
Live Time:  13.540000
Acquisition start date:  22Feb2024
Acquisition start time:  11:45:10
Starting channel number:   0
Number of channels:   2048


CALIBRATION INFORMATION

ENERGY CALIBRATION
Units:
Energy Fit:  0.000000E+000  8.379747E-001  0.000000E+000
FWHM Fit:  0.000000E+000  0.000000E+000  0.000000E+000
Efficiency Terms:  0.000000  0.000000  0.000000  0.000000  0.000000
  0.000000  0.000000  0.000000  0.000000  0.000000


SPECTRUM
     0:          0          0          0          0          0
     5:          2         11         12          1          6
    10:          7          4          5          4          5
    15:          8          6          8          6          2
    20:          7          5          9          7          5
    25:          8          7         12          8          8
    30:         13         10          7          8         13
    35:          7          6          6          9          7
    40:          8          6          9          7          3
    45:          6          1          4          6          3
    50:          5          4          4          7          6
    55:          8          6          6          4         10
    60:          9          8          6          8          6
    65:          5          9          7          8          5
    70:         10          4          4          6          4
    75:          1          6          5          6          7
    80:          6          7          6          8          4
    85:         12          7          8          3          4
    90:          5          9          7          4          6
    95:         13          8         12          9          7
   100:          4          8          8          9          5
   105:          7          8          8         10          5
   110:          8          6          8          7          5
   115:          6          6          9          7          4
   120:          7          4          3          7          6
   125:          3          5         10          5          2
   130:          3          3          5         11          5
   135:          2          6          4          7          4
   140:          4          4          7          4          7
   145:         10          7          2          9          8
   150:          5          9         13          7          2
   155:          8          5          6         10         10
   160:          7          9          7          8         12
   165:         10         13         10         13          9
   170:         13         12         10          5          8
   175:         10         10         15         15         10
   180:         15         14          7          7         13
   185:         14         13          7         10         10
   190:         13          4          5          7          8
   195:          3          7         11          8          9
   200:          6          7          8          9          5
   205:          7         10          8          9         11
   210:          5          7          4          3          3
   215:         11          7          3          2          5
   220:          5          6          8         10         10
   225:          6          6          9          3          9
   230:          8          7         11          6          7
   235:          7         11          9          5          7
   240:         11          5         10          8          8
   245:          8          4         18         10          9
   250:          8          9          6          4          7
   255:          6         12         10          5         11
   260:          5         10         18          7         15
   265:          7          4          9         12          8
   270:         17         11          5          5         12
   275:          4         10          8          8         10
   280:          5          9          3          7         10
   285:         10          6          8          8          6
   290:          9          7          0          6          6
   295:          4          6          8          9          8
   300:          7          6          2          7          5
   305:         11         10          4          7          6
   310:          6          8         10          5         10
   315:          5          2         10          9          0
   320:          5          6          6          2          7
   325:          7          4         10          2          6
   330:          3          5          8         10         11
   335:          8         12          5          5          6
   340:          2          8          5          4          7
   345:          5          9          2          0          4
   350:          4          6          5          4          4
   355:         10          3          9         11          5
   360:          7         11          2          6          2
   365:          2          4          4          5          2
   370:          4          7          5          6          3
   375:          8          3          8          1          3
   380:          8         12          6          8          8
   385:          3          3          7          8          4
   390:          5          7          8          2          4
   395:          4          7          4          5          6
   400:          5         11          0          6         10
   405:          6          5          5          6          4
   410:          4          4          8          5          4
   415:          6          4          6          6          1
   420:          3          6          7          9          7
   425:          6          2          5          4          4
   430:          3         10          4          4          3
   435:          4          8          4          3          5
   440:          7          4          2          5          4
   445:          5          4          4          5          2
   450:          5          5          7          5          7
   455:          9          8          5          2          4
   460:          7          4          6          8          6
   465:          7          5          5          6          5
   470:          5         11         11          8          6
   475:         15          6          6          6          7
   480:          7          9         12          8         10
   485:          9          7         10         13         13
   490:         11         10         11          9          8
   495:          9          9         16          8          8
   500:         12         15          9          8          9
   505:         15         13          9         10         17
   510:          7         15          8         14         13
   515:          9          6         15         11          8
   520:         12         13          7         10         11
   525:         15         14         12          9         10
   530:         10          6         13          8          6
   535:          9          6          1          6          2
   540:          8          3          3          5          6
   545:          4          4          8          2          5
   550:          3          3          6          4          2
   555:          5          5          2          4          4
   560:          2          5          3          5          2
   565:          1          2          5          2          4
   570:          1          1          5          6          2
   575:          3          4          5          7          2
   580:          0          4          7          4          4
   585:          4          1          2          3          5
   590:          9          2          2          6          2
   595:          6          2          3          4          3
   600:          7          2          2          5          4
   605:          7          1          2          7          5
   610:          3          0          6          4          6
   615:          4          3          4          1          3
   620:          0          3          5          1          5
   625:          2          4          4          2          2
   630:          5          3          2          1          6
   635:          3          4          1          2          1
   640:          2          3          4          3          5
   645:          5          2          5          3          3
   650:          3          2          4          4          0
   655:          1          6          3          3          3
   660:          4          2          1          2          2
   665:          4          2          6          3          2
   670:          0          0          1          3          4
   675:          4          5          3          1          2
   680:          3          4          5          0          2
   685:          5          3          4          2          3
   690:          1          4          2          5          2
   695:          4          3          3          2          1
   700:          4          4          1          3          2
   705:          6          0          4          1          1
   710:          2          2          3          6          3
   715:          2          1          3          2          4
   720:          5          5          3          4          3
   725:          2          3          3          4          5
   730:          7          2          3          6          3
   735:          1          1          2          3          3
   740:          3          4          1          1          2
   745:          2          3          2          2          1
   750:          5          3          1          3          3
   755:          1          3          4          3          1
   760:          0          3          1          2          7
   765:          3          1          6          1          5
   770:          3          3          8          2          2
   775:          2          4          2          4          2
   780:          5          1          1          1          3
   785:          1          3          3          4          0
   790:          2          1          1          5          1
   795:          3          1          1          1          4
   800:          2          5          3          2          3
   805:          3          4          5          1          4
   810:          2          6          1          1          3
   815:          0          3          4          3          4
   820:          4          3          4          1          3
   825:          2          4          4          5          1
   830:          1          2          1          3          5
   835:          0          1          3          4          2
   840:          2          1          4          3          1
   845:          1          5          3          1          0
   850:          6          4          5          4          3
   855:          4          2          0          1          3
   860:          0          5          2          2          0
   865:          3          4          1          0          1
   870:          2          2          3          2          0
   875:          1          1          2          3          1
   880:          1          1          4          5          5
   885:          2          1          3          3          3
   890:          2          3          2          3          3
   895:          2          1          3          6          1
   900:          5          5          2          0          1
   905:          3          4          1          3          0
   910:          2          1          1          2          3
   915:          3          2          5          4          2
   920:          1          3          0          6          6
   925:          1          5          1          3          4
   930:          7          3          2          2          0
   935:          3          3          5          2          1
   940:          3          4          2          4          4
   945:          4          3          2          1          5
   950:          1          2          3          2          2
   955:          4          2          6          5          2
   960:          3          3          4          1          2
   965:          4          6          4          6          4
   970:          4          2          1          7          5
   975:          1          2          1          2          2
   980:          1          0          3          3          2
   985:          5          0          2          3          2
   990:          1          5          2          4          2
   995:          3          2          4          3          2
  1000:          3          3          2          3          3
  1005:          4          3          4          5          2
  1010:          2          3          3          2          2
  1015:          4          4          0          1          3
  1020:          4          2          2          7          3
  1025:          4          3          1          0          3
  1030:          2          2          3          2          1
  1035:          2          1          1          1          5
  1040:          1          1          4          2          2
  1045:          2          0          1          2          0
  1050:          1          2          1          4          5
  1055:          2          2          2          1          2
  1060:          3          3          2          5          3
  1065:          2          3          2          0          3
  1070:          0          4          1          2          1
  1075:          2          2          6          4          0
  1080:          2          3          3          4          2
  1085:          1          2          2          2          2
  1090:          2          1          1          1          1
  1095:          2          1          2          3          2
  1100:          2          1          4          3          3
  1105:          0          3          2          2          2
  1110:          2          5          1          4          2
  1115:          0          3          4          3          1
  1120:          1          2          1          2          0
  1125:          2          3          1          1          1
  1130:          2          1          1          1          2
  1135:          1          2          4          1          1
  1140:          3          7          2          1          1
  1145:          1          4          6          2          1
  1150:          1          4          3          1          3
  1155:          3          2          3          4          1
  1160:          4          1          3          3          4
  1165:          2          2          1          1          2
  1170:          2          2          2          3          3
  1175:          3          2          1          3          1
  1180:          2          2          4          1          3
  1185:          4          3          3          2          3
  1190:          3          1          3          1          1
  1195:          6          3          5          3          0
  1200:          1          2          3          1          0
  1205:          1          3          4          2          4
  1210:          1          5          4          4          3
  1215:          4          3          3          3          2
  1220:          3          3          1          0          1
  1225:          4          4          2          4          3
  1230:          2          4          4          5          7
  1235:          4          1          3          4          1
  1240:          2          3          4          3          4
  1245:          2          1          4          1          1
  1250:          2          3          4          1          7
  1255:          2          2          3          1          3
  1260:          4          4          3          2          5
  1265:          4          2          7          1          2
  1270:          1          2          4          2          2
  1275:          5          2          5          3          3
  1280:          5          2          3          1          5
  1285:          2          2          4          4          2
  1290:          0          1          3          2          4
  1295:          4          2          1          0          6
  1300:          1          3          4          4          9
  1305:          2          6          1          0          3
  1310:          4          5          5          6          3
  1315:          2          3          3          4          4
  1320:          2          3          2          1          1
  1325:          1          5          2          3          3
  1330:          5          1          3          2          3
  1335:          2          7          1          4          3
  1340:          6          3          3          2          2
  1345:          0          1          3          0          1
  1350:          3          1          1          2          2
  1355:          2          2          2          0          3
  1360:          4          1          2          1          2
  1365:          4          1          2          1          0
  1370:          2          0          1          2          4
  1375:          3          0          0          2          0
  1380:          2          1          2          0          1
  1385:          1          3          2          1          3
  1390:          0          1          0          1          0
  1395:          3          0          2          1          3
  1400:          2          1          1          0          1
  1405:          1          0          0          1          0
  1410:          1          1          1          0          2
  1415:          0          0          0          4          0
  1420:          0          1          2          1          3
  1425:          1          0          0          1          5
  1430:          2          1          1          3          0
  1435:          0          1          2          3          3
  1440:          4          3          1          1          0
  1445:          3          0          2          2          4
  1450:          1          1          1          2          1
  1455:          1          3          3          4          5
  1460:          1          1          2          4          3
  1465:          0          4          5          2          4
  1470:          1          1          1          2          2
  1475:          4          1          2          2          5
  1480:          2          2          2          0          1
  1485:          2          3          3          0          5
  1490:          1          3          1          4          3
  1495:          3          4          2          3          2
  1500:          1          1          2          4          2
  1505:          3          3          2          4          3
  1510:          2          2          2          1          1
  1515:          5          6          5          2          3
  1520:          1          7          0          0          4
  1525:          3          4          2          5          5
  1530:          3          3          3          2          3
  1535:          0          3          1          3          1
  1540:          4          2          5          0          2
  1545:          2          4          2          4          4
  1550:          5          2          2          3          4
  1555:          2          4          2          6          5
  1560:          2          1          1          3          3
  1565:          2          2          3          5          3
  1570:          2          2          2          1          1
  1575:          5          2          2          0          1
  1580:          3          1          0          2          0
  1585:          4          1          1          1          2
  1590:          1          2          0          4          0
  1595:          1          3          0          1          1
  1600:          1          0          2          0          0
  1605:          4          0          2          0          1
  1610:          0          1          0          1          1
  1615:          0          0          1          1          0
  1620:          0          1          2          1          0
  1625:          0          0          1          2          1
  1630:          1          1          0          0          0
  1635:          1          0          0          0          0
  1640:          0          1          1          0          0
  1645:          1          1          0          0          0
  1650:          0          0          0          0          0
  1655:          0          0          1          1          0
  1660:          0          0          1          1          0
  1665:          0          2          0          1          0
  1670:          0          0          1          0          0
  1675:          0          0          0          1          1
  1680:          0          1          0          1          0
  1685:          0          1          0          0          2
  1690:          2          0          0          2          0
  1695:          0          0          0          2          1
  1700:          1          0          1          0          1
  1705:          1          2          0          0          0
  1710:          0          0          0          0          0
  1715:          0          0          2          0          0
  1720:          1          0          0          0          1
  1725:          0          1          1          2          0
  1730:          0          0          1          0          1
  1735:          0          1          0          1          0
  1740:          0          0          0          0          1
  1745:          1          3          0          0          0
  1750:          1          1          0          0          0
  1755:          0          1          1          0          0
  1760:          1          2          1          0          0
  1765:          0          0          0          0          0
  1770:          0          1          0          0          1
  1775:          0          0          0          1          1
  1780:          1          1          0          0          0
  1785:          1          0          2          0          1
  1790:          0          0          1          1          0
  1795:          0          1          1          1          0
  1800:          0          0          1          0          0
  1805:          0          0          0          0          0
  1810:          0          0          1          0          1
  1815:          1          0          1          0          0
  1820:          0          2          0          0          1
  1825:          1          0          0          0          0
  1830:          0          1          0          1          2
  1835:          2          1          0          1          0
  1840:          0          0          0          0          1
  1845:          0          1          0          0          0
  1850:          0          1          0          0          0
  1855:          0          0          0          1          0
  1860:          0          0          0          2          0
  1865:          0          0          0          0          0
  1870:          0          0          0          0          0
  1875:          0          0          0          0          0
  1880:          0          0          0          0          0
  1885:          0          0          0          0          0
  1890:          0          0          0          0          0
  1895:          0          0          0          0          0
  1900:          0          0          0          0          0
  1905:          0          0          0          0          0
  1910:          0          0          0          0          0
  1915:          0          0          0          0          0
  1920:          0          0          0          0          0
  1925:          0          0          0          0          0
  1930:          0          0          0          0          0
  1935:          0          0          0          0          0
  1940:          0          0          0          0          0
  1945:          0          0          0          0          0
  1950:          0          0          0          0          0
  1955:          0          0          0          0          0
  1960:          0          0          0          0          0
  1965:          0          0          0          0          0
  1970:          0          0          0          0          0
  1975:          0          0          0          0          0
  1980:          0          0          0          0          0
  1985:          0          0          0          0          0
  1990:          0          0          0          0          0
  1995:          0          0          0          0          0
  2000:          0          0          0          0          0
  2005:          0          0          0          0          0
  2010:          0          0          0          0          0
  2015:          0          0          0          0          0
  2020:          0          0          0          0          0
  2025:          0          0          0          0          0
  2030:          0          0          0          0          0
  2035:          0          0          0          0          0
  2040:          0          0          0          0          0
  2045:          0          0          0
