ACQUISITION INFORMATION

Detector ID:  1
Detector description:
COS12ZBPR3 Easy-MCA-2k SN 16145344
Sample description:
Background
Real Time:  11.500000
Live Time:  11.460000
Acquisition start date:  22Feb2024
Acquisition start time:  11:35:04
Starting channel number:   0
Number of channels:   2048


CALIBRATION INFORMATION

ENERGY CALIBRATION
Units:
Energy Fit:  0.000000E+000  8.379747E-001  0.000000E+000
FWHM Fit:  0.000000E+000  0.000000E+000  0.000000E+000
Efficiency Terms:  0.000000  0.000000  0.000000  0.000000  0.000000
  0.000000  0.000000  0.000000  0.000000  0.000000


SPECTRUM
     0:          0          0          0          0          0
     5:          0          1          1          5          6
    10:          9          3          6          7          6
    15:          6          1          4          4          5
    20:          6          4          5          4          5
    25:          6          7          6          5          8
    30:          8         12          3         10         14
    35:          9          4          7          5          6
    40:         12          7          6          4          6
    45:          9          3          4          4          7
    50:          7          3          3          6          5
    55:          2          0          6          2          3
    60:          6          5          5          6          6
    65:          4          4          6         10          6
    70:          5          5          4          0          6
    75:          8          9          4          7          5
    80:          4          6         13          5          7
    85:          9          5          3          5         11
    90:          7          7          9          4          9
    95:          7         13          9          5          5
   100:          3          6          3          4          4
   105:          5          3          7          6          8
   110:          4          5          7          1          7
   115:          7          2          1          7          5
   120:         10          4          6          9          7
   125:          5          2          6          7          5
   130:         10          3          5          8          6
   135:          6          4          5         10          7
   140:          7          3          7          4          5
   145:          4          6          3          8          7
   150:          5          6         10          8          8
   155:          7          8          8          5          5
   160:          7          8          7          5          8
   165:          8         10         10         10          9
   170:          9         14         10         14         17
   175:          9          9          9          7         11
   180:          5          9         12         14          4
   185:         13         11          8          3          5
   190:         13          8          9         11          6
   195:          8         10          2          3          3
   200:          9          8          6          6          8
   205:         12         10          6         10          7
   210:         12          9          3          2          7
   215:          8          6         10          7          7
   220:          3          7          5          4          9
   225:          7          6          6          4          5
   230:          6          5          9          6          5
   235:          7          7          7          4          8
   240:          8          6          6          9         10
   245:         10          3          4          3          3
   250:          6          8         10          8          6
   255:          4          7          9          8          9
   260:          7         11          8         10         10
   265:          5         10         12          5         12
   270:         10          9          5          6         10
   275:          7          2          4          9          3
   280:          7          9          5          5         11
   285:          7          8         10         10          7
   290:          7          5          5          8         11
   295:          7         13         11         11          7
   300:         10         11         13          8          8
   305:          4         10          9          6          5
   310:          7          9          3          6          6
   315:          4          6          3          7          6
   320:          5          5          7          3          3
   325:          4          5          5          8          6
   330:          4          6          4          7         13
   335:          9          5          3          7         10
   340:         12          6         11          6          3
   345:          2          8          5          2          6
   350:          2          6          7          3          8
   355:          6          5          2          7          5
   360:          6          0          8          4          2
   365:          8          7          2          6          7
   370:          6          2          3          4          5
   375:          2          4          4          7          7
   380:          3          4          4          7          2
   385:          2          5          5          6          3
   390:          8          5          8          4          5
   395:          3          6          2          4          6
   400:          5          4          7          4          6
   405:          3          4          3          6          6
   410:          6          3          3          2          8
   415:          8          9          6          6          4
   420:         10          6          6          5          8
   425:          4          2          5          0          5
   430:          2          9          6          8          1
   435:          3          3          2          4          3
   440:          8          3          3          9          1
   445:          2          4          6          5          4
   450:          7          5          5          5          6
   455:          4          5          9          4          9
   460:          5          6          5          9          6
   465:          9          2          6         12          6
   470:          4          5          3          7          7
   475:         11          7          3          8          8
   480:          6         10          8         12         12
   485:         16         16         10          6         13
   490:          8         16         13          6         10
   495:         12         10          8          9         13
   500:          6          8         15          8         16
   505:         15         13          8         14         12
   510:         12         14         10          6          5
   515:          8          6         13         10          8
   520:          6          9          7         10         12
   525:         13          3         11          8          7
   530:         13          6          4          2          6
   535:          4          8          7          3          6
   540:          2          2          3          6          4
   545:          8          8          8          7          4
   550:          3          6          6          5          4
   555:          6          1          5          6          2
   560:          2          2          2          3          2
   565:          6          6          4          4          1
   570:          4          1          2          3          3
   575:          2          2          4          2          1
   580:          3          2          4          8          0
   585:          4          1          3          2          3
   590:          6          4          5          3          2
   595:          0          3          1          3          4
   600:          1          3          3          1          3
   605:          4          1          2          4          3
   610:          3          3          2          2          4
   615:          3          3          3          2          2
   620:          3          3          4          1          6
   625:          2          6          2          4          0
   630:          3          2          1          3          2
   635:          3          2          3          2          3
   640:          0          4          1          3          5
   645:          3          4          3          2          4
   650:          1          2          5          2          2
   655:          2          1          1          2          6
   660:          2          1          9          3          3
   665:          3          0          2          0          1
   670:          5          0          2          2          3
   675:          2          2          4          2          2
   680:          4          3          3          6          3
   685:          2          9          6          1          1
   690:          1          2          1          2          1
   695:          3          3          2          1          4
   700:          3          1          4          0          3
   705:          4          5          2          4          3
   710:          2          0          3          4          1
   715:          2          1          1          6          6
   720:          7          2          4          2          3
   725:          2          2          5          2          4
   730:          4          5          4          4          2
   735:          1          1          1          4          0
   740:          3          1          3          1          1
   745:          3          4          3          1          4
   750:          2          1          2          2          4
   755:          5          2          5          3          0
   760:          4          3          3          2          1
   765:          5          3          6          4          1
   770:          2          3          4          2          3
   775:          6          2          3          2          2
   780:          2          4          3          1          2
   785:          5          3          2          6          5
   790:          0          0          2          2          0
   795:          1          2          2          1          3
   800:          1          2          2          3          2
   805:          4          3          6          3          0
   810:          3          3          2          2          2
   815:          0          3          0          4          2
   820:          1          2          1          3          1
   825:          0          2          2          2          3
   830:          3          2          2          2          2
   835:          2          2          3          2          3
   840:          5          3          1          1          3
   845:          3          1          1          2          1
   850:          6          3          2          4          1
   855:          2          0          1          5          3
   860:          5          2          3          4          2
   865:          1          4          0          0          1
   870:          4          3          3          1          1
   875:          6          4          1          3          4
   880:          6          7          4          5          2
   885:          0          3          2          3          2
   890:          3          2          3          5          2
   895:          2          2          2          2          6
   900:          3          1          1          3          3
   905:          1          3          7          3          3
   910:          2          4          3          2          2
   915:          3          4          0          2          2
   920:          3          2          2          2          3
   925:          5          5          1          4          4
   930:          4          4          4          5          2
   935:          5          9          3          1          3
   940:          0          2          5          7          7
   945:          1          4          2          4          3
   950:          1          2          4          5          2
   955:          4          1          7          2          4
   960:          3          3          2          2          1
   965:          2          4          2          5          1
   970:          4          1          4          0          2
   975:          0          3          0          2          5
   980:          5          3          3          4          6
   985:          4          1          4          1          5
   990:          4          5          4          3          5
   995:          3          9          2          2          2
  1000:          4          2          2          5          4
  1005:          6          4          3          5          5
  1010:          2          2          1          4          5
  1015:          2          3          5          2          1
  1020:          5          3          5          1          3
  1025:          6          3          3          3          3
  1030:          1          4          2          1          2
  1035:          3          3          0          2          3
  1040:          2          4          2          3          4
  1045:          1          1          3          1          2
  1050:          2          1          1          1          3
  1055:          1          2          2          2          3
  1060:          3          5          3          2          0
  1065:          4          3          2          3          3
  1070:          4          3          2          1          0
  1075:          3          4          1          2          1
  1080:          1          0          3          1          3
  1085:          3          1          0          1          4
  1090:          1          4          3          1          1
  1095:          1          1          1          0          0
  1100:          0          1          2          0          3
  1105:          3          0          1          3          2
  1110:          3          2          2          2          2
  1115:          5          0          2          3          2
  1120:          1          3          2          4          0
  1125:          3          1          1          2          0
  1130:          1          1          4          4          1
  1135:          2          1          1          3          2
  1140:          2          7          3          0          3
  1145:          2          5          4          0          1
  1150:          1          1          3          1          1
  1155:          3          1          6          1          0
  1160:          1          1          4          3          2
  1165:          3          2          2          2          1
  1170:          3          1          2          1          4
  1175:          3          2          3          0          1
  1180:          3          3          3          0          2
  1185:          3          2          1          0          1
  1190:          1          0          0          0          2
  1195:          2          1          6          3          1
  1200:          2          3          4          2          5
  1205:          2          1          2          1          2
  1210:          2          3          3          2          5
  1215:          3          3          3          1          3
  1220:          3          0          4          6          6
  1225:          3          4          9          2          0
  1230:          2          6          1          3          3
  1235:          1          3          2          2          2
  1240:          3          3          1          3          1
  1245:          1          4          2          5          1
  1250:          2          7          5          2          6
  1255:          2          6          0          5          4
  1260:          1          2          4          2          4
  1265:          1          1          4          7          0
  1270:          4          4          5          4          3
  1275:          1          4          1          1          2
  1280:          2          3          4          3          7
  1285:          2          5          2          4          0
  1290:          2          2          2          4          2
  1295:          5          7          4          3          1
  1300:          4          6          6          3          0
  1305:          1          3          2          5          3
  1310:          2          1          2          6          3
  1315:          1          3          3          3          3
  1320:          3          1          4          6          2
  1325:          2          0          3          6          6
  1330:          2          1          2          1          4
  1335:          3          1          1          3          1
  1340:          4          3          3          1          3
  1345:          1          0          3          1          2
  1350:          0          1          1          2          1
  1355:          2          1          3          2          2
  1360:          4          1          1          2          1
  1365:          2          1          1          1          3
  1370:          4          1          4          1          1
  1375:          3          1          2          1          0
  1380:          1          1          1          1          2
  1385:          3          1          4          0          2
  1390:          2          2          1          1          2
  1395:          3          0          0          1          1
  1400:          1          0          1          1          1
  1405:          1          1          2          2          1
  1410:          0          1          0          0          0
  1415:          1          2          1          1          2
  1420:          1          4          1          2          0
  1425:          3          1          0          1          2
  1430:          1          1          1          3          0
  1435:          2          1          1          2          1
  1440:          1          1          1          1          0
  1445:          1          1          1          1          2
  1450:          0          1          4          4          3
  1455:          4          3          0          1          2
  1460:          3          1          2          2          0
  1465:          3          2          2          3          2
  1470:          4          4          1          3          2
  1475:          0          2          1          4          4
  1480:          3          4          1          3          1
  1485:          1          0          1          3          6
  1490:          3          2          1          1          4
  1495:          2          4          2          3          4
  1500:          3          1          3          5          1
  1505:          1          0          2          3          5
  1510:          5          1          4          5          3
  1515:          1          1          2          6          1
  1520:          2          2          1          3          3
  1525:          2          1          2          1          2
  1530:          2          2          1          1          1
  1535:          4          2          3          2          2
  1540:          4          3          1          0          5
  1545:          1          2          2          3          0
  1550:          2          4          2          4          3
  1555:          1          3          1          3          3
  1560:          2          1          2          1          1
  1565:          1          1          5          2          1
  1570:          2          1          4          2          1
  1575:          2          3          1          1          2
  1580:          4          2          0          2          1
  1585:          0          2          2          2          0
  1590:          3          2          0          1          0
  1595:          2          1          0          1          0
  1600:          1          0          2          0          0
  1605:          1          0          2          1          0
  1610:          2          1          0          0          1
  1615:          2          1          1          0          0
  1620:          2          2          1          2          0
  1625:          0          1          0          0          2
  1630:          0          1          0          0          1
  1635:          1          1          1          1          0
  1640:          1          0          0          1          0
  1645:          0          0          0          0          0
  1650:          0          0          0          0          0
  1655:          0          0          0          0          2
  1660:          2          1          0          1          1
  1665:          0          1          0          0          0
  1670:          0          2          0          0          1
  1675:          0          0          0          1          2
  1680:          1          1          0          0          0
  1685:          0          1          0          0          0
  1690:          0          0          0          0          0
  1695:          0          1          0          0          1
  1700:          0          0          0          1          0
  1705:          0          0          0          0          1
  1710:          0          1          0          0          3
  1715:          0          1          0          1          1
  1720:          1          0          0          0          0
  1725:          0          0          0          0          0
  1730:          0          0          0          0          0
  1735:          0          1          0          0          0
  1740:          0          1          0          0          0
  1745:          0          0          0          1          0
  1750:          1          0          0          1          1
  1755:          0          0          1          0          0
  1760:          0          0          0          0          0
  1765:          0          0          0          0          0
  1770:          0          0          1          1          0
  1775:          0          1          1          0          1
  1780:          1          0          0          0          0
  1785:          1          0          0          1          0
  1790:          0          1          0          0          0
  1795:          3          0          0          0          0
  1800:          1          0          1          0          1
  1805:          1          0          0          1          1
  1810:          1          1          1          0          2
  1815:          1          0          0          0          0
  1820:          0          0          0          0          0
  1825:          0          1          1          0          0
  1830:          0          0          0          1          1
  1835:          1          0          0          0          0
  1840:          1          0          0          0          0
  1845:          0          0          0          1          0
  1850:          0          1          0          0          0
  1855:          0          0          1          0          0
  1860:          0          0          0          1          0
  1865:          0          0          0          0          0
  1870:          0          0          0          0          0
  1875:          0          0          0          0          0
  1880:          0          0          0          0          0
  1885:          0          0          0          0          0
  1890:          0          0          0          0          0
  1895:          0          0          0          0          0
  1900:          0          0          0          0          0
  1905:          0          0          0          0          0
  1910:          0          0          0          0          0
  1915:          0          0          0          0          0
  1920:          0          0          0          0          0
  1925:          0          0          0          0          0
  1930:          0          0          0          0          0
  1935:          0          0          0          0          0
  1940:          0          0          0          0          0
  1945:          0          0          0          0          0
  1950:          0          0          0          0          0
  1955:          0          0          0          0          0
  1960:          0          0          0          0          0
  1965:          0          0          0          0          0
  1970:          0          0          0          0          0
  1975:          0          0          0          0          0
  1980:          0          0          0          0          0
  1985:          0          0          0          0          0
  1990:          0          0          0          0          0
  1995:          0          0          0          0          0
  2000:          0          0          0          0          0
  2005:          0          0          0          0          0
  2010:          0          0          0          0          0
  2015:          0          0          0          0          0
  2020:          0          0          0          0          0
  2025:          0          0          0          0          0
  2030:          0          0          0          0          0
  2035:          0          0          0          0          0
  2040:          0          0          0          0          0
  2045:          0          0          0
