ACQUISITION INFORMATION

Detector ID:  1
Detector description:
COS12ZBPR3 Easy-MCA-2k SN 16145344
Sample description:
Background
Real Time:  11.360000
Live Time:  11.320000
Acquisition start date:  22Feb2024
Acquisition start time:  11:40:08
Starting channel number:   0
Number of channels:   2048


CALIBRATION INFORMATION

ENERGY CALIBRATION
Units:
Energy Fit:  0.000000E+000  8.379747E-001  0.000000E+000
FWHM Fit:  0.000000E+000  0.000000E+000  0.000000E+000
Efficiency Terms:  0.000000  0.000000  0.000000  0.000000  0.000000
  0.000000  0.000000  0.000000  0.000000  0.000000


SPECTRUM
     0:          0          0          0          0          0
     5:          2         11          4          7          5
    10:          4          3          5          2          5
    15:          5          2          6          6          4
    20:          8          2          5          7          5
    25:          8          5         10          7          4
    30:         11          8          9          6          4
    35:         10          5          1          5          5
    40:          7          9         12          5          7
    45:          7          4          2         14          7
    50:          9          5          5          6          6
    55:          3          6          4          3          4
    60:          8          8          6          3          7
    65:          6          7          7          4          4
    70:          7          7          6          4         11
    75:          6          8          7          7          6
    80:          4          3          4          6          3
    85:          6          7          7         11          6
    90:          7         10          4          4          5
    95:          6          3          5          5          7
   100:          6          4          2         12         11
   105:          7          8          8          6          7
   110:          7          8          2          7          5
   115:          5          6          2         10          1
   120:         10          5          1          9          6
   125:          4          5          5          2          5
   130:          8          4         12          4          5
   135:          7          8          3          4          2
   140:          3          8          7         11         11
   145:          7          3          2          4          3
   150:          6          5          3          8          3
   155:          4          4         10         11          8
   160:         14          7          6          5          7
   165:          9          9          7          6         13
   170:         11          3         13          8         14
   175:          6          9         13         10         13
   180:          9          5         16          8          9
   185:          7          8          6         12          6
   190:          8          2          7         11          6
   195:          6          3          5          9          7
   200:         11          5          4          8          6
   205:          3         13          3          8          4
   210:         10          8          3          5          2
   215:          3         11          8          6          7
   220:         10          8          7          9         13
   225:          5          8          2          6          9
   230:          5          9          6          5          4
   235:          5          4          8          5          7
   240:          2          4          8          8          3
   245:          6          6          9          7          8
   250:          4          5          4          6          6
   255:          8          4          6         15         11
   260:         11          5          7          7          8
   265:          5          8          8         13          5
   270:         14          6          4         13         11
   275:          6         12         14          7          5
   280:          9          2          6          8          8
   285:          6          6          7          6          6
   290:          4          4          6          9          7
   295:          7          6         10         11          3
   300:          5          7          7          9          8
   305:          6          7          7          5          3
   310:          7         10          7          4          7
   315:          3          9          8          5          3
   320:          7          1          7          9          6
   325:          6          2          3          7          9
   330:         11          8          8          5          8
   335:          8          7          8          5          1
   340:          5          7          6          9          4
   345:          2          5          3          2          6
   350:          1          3          3          5          5
   355:          5          2          4          6          7
   360:          5          7          8          6          8
   365:          4          1          1          3         10
   370:          4          1          5          8         10
   375:          6          8          8          5          2
   380:          3          2          3          3          5
   385:          5          5          8          2          5
   390:          4          1          2          7          4
   395:          5          3          8          7          3
   400:          6          3          3          4          5
   405:          2          4          5          4          3
   410:          3          6          4          6          4
   415:          5          5          7          2          3
   420:          5          2          2          8          9
   425:          5          6          4          4          3
   430:          3          5          2          6          4
   435:          3          8          2          4          0
   440:          5          4          5          7          7
   445:          2          3          4          7          2
   450:          7          6          5          5          1
   455:          4          6          2          4          8
   460:          7          5          5          5          7
   465:          5          3         11          6          4
   470:          0          5          8          6          9
   475:          6          6         13          4          6
   480:          5          4         13          6          3
   485:         10         10         10          6          7
   490:          6          6          7         11         13
   495:          9         11         11          7          3
   500:         11          9         16          7         14
   505:         13          9          5         11         10
   510:         11          9          8         10         12
   515:          7         12         11         10         12
   520:          3         10         13          8         11
   525:          8         15         10          7          6
   530:          7          9         10         10         11
   535:          9          5          4          8          4
   540:          7          6         10          2          8
   545:          9          8          5          5          4
   550:          4          6          2          3          4
   555:          4          3          1          1          8
   560:          9          3          1          3          4
   565:          3          2          1          1          5
   570:          4          1          2          3          1
   575:          1          2          4          4          2
   580:          5          2          3          1          2
   585:          2          2          4          3          3
   590:          0          5          2          2          2
   595:          3          2          1          1          3
   600:          4          4          0          1          2
   605:          3          4          3          4          4
   610:          1          1          7          2          4
   615:          1          2          2          3          4
   620:          5          2          6          3          1
   625:          2          1          2          2          1
   630:          1          2          0          2          4
   635:          8          3          2          4          2
   640:          1          4          1          1          1
   645:          1          1          1          5          6
   650:          2          2          3          5          1
   655:          4          1          4          3          0
   660:          2          1          1          0          4
   665:          3          1          6          3          2
   670:          1          2          3          3          1
   675:          2          4          1          5          2
   680:          4          1          2          2          3
   685:          3          2          3          1          3
   690:          4          4          1          1          2
   695:          3          0          1          3          3
   700:          1          2          6          1          0
   705:          1          1          2          3          3
   710:          5          2          3          2          1
   715:          0          2          3          1          1
   720:          3          3          6          4          5
   725:          1          4          2          1          2
   730:          1          1          2          4          7
   735:          1          6          3          2          2
   740:          4          2          1          3          1
   745:          2          2          1          3          1
   750:          1          3          2          3          2
   755:          2          2          3          1          2
   760:          1          2          1          3          4
   765:          3          6          2          1          5
   770:          2          2          0          3          4
   775:          0          2          0          2          3
   780:          1          4          2          4          6
   785:          2          4          1          2          4
   790:          1          2          2          1          2
   795:          3          1          1          4          1
   800:          3          1          6          0          3
   805:          3          1          4          2          1
   810:          2          1          0          5          1
   815:          3          3          1          2          3
   820:          1          3          5          3          3
   825:          2          2          2          0          2
   830:          1          3          5          1          2
   835:          4          3          2          0          2
   840:          2          0          3          3          1
   845:          3          0          3          1          3
   850:          1          1          2          2          4
   855:          1          1          1          3          1
   860:          2          0          3          0          4
   865:          2          2          5          2          2
   870:          0          1          4          3          2
   875:          2          5          3          4          1
   880:          5          3          1          2          1
   885:          2          1          2          3          2
   890:          1          3          3          3          0
   895:          2          1          6          6          4
   900:          1          1          2          1          1
   905:          5          3          5          3          1
   910:          3          2          6          1          3
   915:          0          4          0          1          1
   920:          3          3          5          3          2
   925:          6          4          3          3          2
   930:          0          1          3          6          2
   935:          1          2          6          4          5
   940:          3          4          2          1          3
   945:          4          2          1          2          3
   950:          3          3          4          2          5
   955:          4          3          2          4          1
   960:          1          6          4          1          4
   965:          2          3          4          2          4
   970:          5          2          2          2          2
   975:          2          3          4          4          4
   980:          3          0          3          3          1
   985:          6          3          1          5          3
   990:          2          4          5          2          3
   995:          6          5          4          3          3
  1000:          4          3          0          1          7
  1005:          3          5          1          7          3
  1010:          1          1          0          6          1
  1015:          2          3          2          4          2
  1020:          1          0          0          1          5
  1025:          3          3          3          2          2
  1030:          0          2          3          2          2
  1035:          4          2          5          1          2
  1040:          0          1          2          4          3
  1045:          4          4          2          5          8
  1050:          2          5          1          1          3
  1055:          2          2          2          2          1
  1060:          0          1          3          1          2
  1065:          1          2          0          1          2
  1070:          4          3          2          1          3
  1075:          1          2          2          3          0
  1080:          2          4          0          0          4
  1085:          1          1          1          0          3
  1090:          1          0          2          3          5
  1095:          3          2          0          1          3
  1100:          1          2          2          2          0
  1105:          0          2          5          2          1
  1110:          2          0          3          3          1
  1115:          0          3          4          3          3
  1120:          1          1          2          4          2
  1125:          2          2          2          1          2
  1130:          2          0          2          1          1
  1135:          1          2          3          1          1
  1140:          4          2          3          2          4
  1145:          4          4          2          2          2
  1150:          2          2          1          2          4
  1155:          4          4          3          2          4
  1160:          3          3          2          1          2
  1165:          1          1          2          4          0
  1170:          1          3          3          2          1
  1175:          2          3          2          6          4
  1180:          5          2          3          1          3
  1185:          0          1          2          3          1
  1190:          0          2          0          1          2
  1195:          3          2          5          1          2
  1200:          4          0          2          1          0
  1205:          2          3          2          0          0
  1210:          3          1          1          4          4
  1215:          6          2          3          1          4
  1220:          3          4          2          2          0
  1225:          3          4          2          3          2
  1230:          5          1          1          2          1
  1235:          4          0          4          2          1
  1240:          1          1          0          4          4
  1245:          2          1          5          2          1
  1250:          3          1          2          1          1
  1255:          3          3          1          0          5
  1260:          2          1          3          1          4
  1265:          3          2          3          2          4
  1270:          2          1          3          1          3
  1275:          2          2          2          2          2
  1280:          0          6          3          3          5
  1285:          5          1          4          3          5
  1290:          3          5          6          3          3
  1295:          2          0          1          1          1
  1300:          3          3          5          4          4
  1305:          3          2          5          2          2
  1310:          5          5          1          6          5
  1315:          5          1          3          4          3
  1320:          3          1          1          2          6
  1325:          2          0          1          2          0
  1330:          6          0          2          3          1
  1335:          2          1          1          2          2
  1340:          2          2          2          1          2
  1345:          2          1          1          3          1
  1350:          0          5          1          2          2
  1355:          1          2          1          1          2
  1360:          0          1          1          1          0
  1365:          1          3          2          4          2
  1370:          3          0          1          1          1
  1375:          3          2          1          0          2
  1380:          1          0          0          0          2
  1385:          1          3          1          0          0
  1390:          1          0          0          1          1
  1395:          1          1          0          3          0
  1400:          2          1          1          2          1
  1405:          1          1          0          0          0
  1410:          3          0          1          0          0
  1415:          0          0          0          0          0
  1420:          0          0          1          1          3
  1425:          0          1          3          1          2
  1430:          4          2          1          0          2
  1435:          1          4          2          1          3
  1440:          0          1          0          0          3
  1445:          0          1          0          2          3
  1450:          2          3          0          3          2
  1455:          3          1          1          0          2
  1460:          2          5          2          2          0
  1465:          2          2          2          1          0
  1470:          2          3          0          2          1
  1475:          4          0          3          3          2
  1480:          2          4          3          2          3
  1485:          1          0          3          1          6
  1490:          4          2          1          1          3
  1495:          2          2          9          3          4
  1500:          3          1          2          1          3
  1505:          1          3          3          2          6
  1510:          3          2          3          1          2
  1515:          5          6          5          4          1
  1520:          2          2          2          0          3
  1525:          5          1          2          1          2
  1530:          5          1          3          2          2
  1535:          2          2          2          5          2
  1540:          2          2          3          1          2
  1545:          0          1          3          5          1
  1550:          1          1          2          1          1
  1555:          3          2          2          0          1
  1560:          2          1          1          2          3
  1565:          1          3          1          1          3
  1570:          0          2          2          0          3
  1575:          0          0          2          0          0
  1580:          2          1          2          4          0
  1585:          2          0          2          1          2
  1590:          2          0          0          0          1
  1595:          1          0          2          1          3
  1600:          0          1          0          0          0
  1605:          1          2          1          0          4
  1610:          3          2          0          0          2
  1615:          0          1          0          1          0
  1620:          2          0          1          0          0
  1625:          0          1          0          0          1
  1630:          0          0          2          1          1
  1635:          1          0          0          1          0
  1640:          1          0          2          2          0
  1645:          1          0          0          0          1
  1650:          0          1          1          0          0
  1655:          0          1          1          0          0
  1660:          2          0          3          0          1
  1665:          0          0          0          1          0
  1670:          0          1          1          0          0
  1675:          0          0          0          1          0
  1680:          1          0          0          0          1
  1685:          0          0          1          0          1
  1690:          0          1          0          1          1
  1695:          0          1          1          0          0
  1700:          0          0          0          0          1
  1705:          1          0          0          0          1
  1710:          1          0          1          0          0
  1715:          0          0          0          0          1
  1720:          0          1          2          2          0
  1725:          0          0          0          0          0
  1730:          0          1          0          1          0
  1735:          0          0          2          0          0
  1740:          0          0          0          1          1
  1745:          1          1          1          0          0
  1750:          0          0          0          0          0
  1755:          0          1          0          0          0
  1760:          0          0          0          0          1
  1765:          1          1          4          0          0
  1770:          0          0          1          0          1
  1775:          0          0          2          1          0
  1780:          1          2          0          2          0
  1785:          1          0          0          2          0
  1790:          1          0          2          1          0
  1795:          0          1          1          0          0
  1800:          0          1          0          0          0
  1805:          0          0          0          0          0
  1810:          1          0          0          0          0
  1815:          1          0          0          0          0
  1820:          0          0          0          0          0
  1825:          0          0          1          0          0
  1830:          0          1          0          1          1
  1835:          0          0          1          0          1
  1840:          1          1          0          0          0
  1845:          0          1          0          0          1
  1850:          0          0          0          0          0
  1855:          0          0          0          1          0
  1860:          0          0          0          0          1
  1865:          0          1          0          0          0
  1870:          0          0          0          0          0
  1875:          0          0          0          0          0
  1880:          0          0          0          0          0
  1885:          0          0          0          0          0
  1890:          0          0          0          0          0
  1895:          0          0          0          0          0
  1900:          0          0          0          0          0
  1905:          0          0          0          0          0
  1910:          0          0          0          0          0
  1915:          0          0          0          0          0
  1920:          0          0          0          0          0
  1925:          0          0          0          0          0
  1930:          0          0          0          0          0
  1935:          0          0          0          0          0
  1940:          0          0          0          0          0
  1945:          0          0          0          0          0
  1950:          0          0          0          0          0
  1955:          0          0          0          0          0
  1960:          0          0          0          0          0
  1965:          0          0          0          0          0
  1970:          0          0          0          0          0
  1975:          0          0          0          0          0
  1980:          0          0          0          0          0
  1985:          0          0          0          0          0
  1990:          0          0          0          0          0
  1995:          0          0          0          0          0
  2000:          0          0          0          0          0
  2005:          0          0          0          0          0
  2010:          0          0          0          0          0
  2015:          0          0          0          0          0
  2020:          0          0          0          0          0
  2025:          0          0          0          0          0
  2030:          0          0          0          0          0
  2035:          0          0          0          0          0
  2040:          0          0          0          0          0
  2045:          0          0          0
