ACQUISITION INFORMATION

Detector ID:  1
Detector description:
COS12ZBPR3 Easy-MCA-2k SN 16145344
Sample description:
Background
Real Time:  13.400000
Live Time:  13.360000
Acquisition start date:  22Feb2024
Acquisition start time:  11:29:58
Starting channel number:   0
Number of channels:   2048


CALIBRATION INFORMATION

ENERGY CALIBRATION
Units:
Energy Fit:  0.000000E+000  8.379747E-001  0.000000E+000
FWHM Fit:  0.000000E+000  0.000000E+000  0.000000E+000
Efficiency Terms:  0.000000  0.000000  0.000000  0.000000  0.000000
  0.000000  0.000000  0.000000  0.000000  0.000000


SPECTRUM
     0:          0          0          0          0          0
     5:          0          8          3          5          4
    10:          6          5          6         10          3
    15:          5          6         17          4          9
    20:          4          6         10          8          6
    25:          8          9         11         13          9
    30:          9          7          6          7         12
    35:         10         12          8         11         12
    40:         10          7          9          9          6
    45:          8          9          4         13          4
    50:          9          3          5          6          7
    55:          4         10          9          7         11
    60:          6          9          4          7          4
    65:          5          6          7          7          3
    70:          5          5          5         10          5
    75:          7          8          6          6          4
    80:          7          9          5          7          8
    85:          5          4         11          8         10
    90:          9         11          8         10          7
    95:          8          7          7         12         10
   100:          8         11          8          5         13
   105:          6          8         10          8          9
   110:         12          4         12          5          6
   115:          9         10         10          4         11
   120:          6          7         14          6         10
   125:          4          5          8          6         14
   130:          8          9         10         10          6
   135:          4          5          9         13         10
   140:         11          8          7          8          9
   145:          9          4          6          9          7
   150:          7          7         13          6          9
   155:          8          9         10          8          6
   160:         11         10         11         13         11
   165:         12         17         18         10         15
   170:          9          6         14         13         15
   175:          8         10          8         16          9
   180:          5         13          9         14          8
   185:          8         16          8         10          9
   190:          8          8          6          9          8
   195:          8         14         12         12          9
   200:          7         10         10         10          5
   205:         10          9         18          8         10
   210:          6         12         10          8          6
   215:          7          9         12         12          9
   220:          9          9          8          5          8
   225:          5          9         11          7          6
   230:         10         10          9         10          8
   235:          7          7         11         10         10
   240:         10          9         12         11         11
   245:          9          6          6         13         12
   250:          7          8          6         15         12
   255:         12         10         15          8         16
   260:         13          7         13         11         17
   265:         19         14         11          9         18
   270:          9          7          4         13          8
   275:         10         18          5         11          7
   280:          8         12         11         10         13
   285:         10         12         10         13          7
   290:          9          3          9         15         13
   295:          7          8          9         10          6
   300:          8         10         16         15          7
   305:         10          5          7          2         10
   310:          5         10         10         10          5
   315:          8          8          6         10          3
   320:          4         10          7         12          9
   325:          9          6          5          9          7
   330:          9          8          8          8          5
   335:          7          4          7          7          7
   340:          7          9          5         10          5
   345:          9          5          5         10         11
   350:          5          6          7         10          7
   355:          7          7          6          4          2
   360:          2          6         10          9          5
   365:          3          5          7          7          6
   370:          5          4          4          5          3
   375:         10          5          8         10         10
   380:          7          8          8          6          3
   385:          3          4         10          2          6
   390:          5          6         11          8          4
   395:          5          5          5          8          7
   400:          2          4          6          5          4
   405:          4          8          5         11         18
   410:          5          4          2          8          7
   415:         10          5          3          8          6
   420:          6          6          5         11          5
   425:          7          5         11          6          6
   430:          8          9         10          5          4
   435:          9          4          4          8          4
   440:         11          7          2          1          5
   445:          9          2          7          6          4
   450:         10          6          7          4          6
   455:          3          3          3          5          6
   460:          7          4         12          6          4
   465:          8          8          6          4          5
   470:          6         11         10          5         10
   475:          9          8         10         11          7
   480:         14          7         10         14         11
   485:         10         20         12         15         12
   490:          5         12         17         14         10
   495:         14         13         14         15         18
   500:         10         13         15          9         17
   505:         17         16         15         17         10
   510:         13         18         21         14          7
   515:         13          9         17          6         11
   520:          7         12         10         13         12
   525:         12         11          9          3         11
   530:          6          2         15          2          8
   535:          7         11         13          8         10
   540:          9          7         11         10          6
   545:          5         13          4          3          4
   550:          6          6          7          6          4
   555:          5          8          7          6          6
   560:          1          2          2          3          5
   565:          3          4          5          5          4
   570:          3          3          1          2          2
   575:          4          6          7          1          6
   580:          5          7          1          7          5
   585:          4          8          5          2          1
   590:          3          6          5          2          0
   595:          6          1          5          4          3
   600:          6          3          5          4          4
   605:          7          2          2          2          5
   610:          1          7          2          4          4
   615:          6          7          3          3          6
   620:          0          3          3          2          3
   625:          2          3          3          1          3
   630:          0          0          2          3          2
   635:          3          3          3          4          4
   640:          5          3          5          4          5
   645:          2          2          2          3          5
   650:          4          3          3          1          6
   655:          8          5          2          3          1
   660:          2          1          4          3          2
   665:          4          3          4          3          2
   670:          5          0          5          1          4
   675:          2          5          1          2          4
   680:          6          4          7          1          7
   685:          5          5          6          3          3
   690:          4          2          3          5          6
   695:          4          6          2          2          3
   700:          1          3          2          6          3
   705:          3          1          2          1          6
   710:          8          2          0          4          3
   715:          3          4          3          2          2
   720:          3          4          1          5          0
   725:          6          2          1          2          4
   730:          2          0          1          5          2
   735:          4          2          3          6          1
   740:          5          4          2          4          1
   745:          5          0          0          5          2
   750:          2          4          3          2          0
   755:          4          3          5          6          4
   760:          3          4          3          3          3
   765:          2          1          1          2          7
   770:          3          2          3          2          1
   775:          4          2          8          2          2
   780:          2          2          3          5          4
   785:          1          3          3          3          1
   790:          3          4          0          2          4
   795:          3          1          3          4          6
   800:          0          1          3          5          4
   805:          3          4          3          1          6
   810:          1          1          1          2          2
   815:          4          5          3          3          2
   820:          3          2          2          8          5
   825:          0          4          3          3          2
   830:          2          4          3          5          4
   835:          4          7          6          1          6
   840:          2          2          4          2          2
   845:          3          1          3          3          4
   850:          5          1          4          1          6
   855:          1          7          4          5          0
   860:          4          3          1          4          2
   865:          0          5          1          4          5
   870:          1          4          3          6          5
   875:          2          9          4          4          3
   880:          2          2          1          1          2
   885:          4          3          2          2          5
   890:          2          1          2          4          5
   895:          5          0          2          1          2
   900:          2          3          4          3          5
   905:          3          5          2          2          3
   910:          5          4          2          5          2
   915:          8          1          4          3          2
   920:          2          2          4          5          6
   925:          5          3          0          3          6
   930:          3          4          3          3          4
   935:          3          4          1          1          4
   940:          3         10         11          3          6
   945:          7          1          5          6          1
   950:          3          4          5          7          8
   955:          4          6          7          2          7
   960:          1          2          2          7          4
   965:          1          6          5          5          4
   970:          5          3          7          3          4
   975:          5          4          7          7          5
   980:          4          3          3          5          3
   985:          6          4          4          4          5
   990:          5          5          2          4          4
   995:          4          3          7          3          3
  1000:          3          5          7          4          8
  1005:          5          2          7          2          4
  1010:          3          6          2         10          5
  1015:          3          2          0          2          2
  1020:         11          2          1          4          3
  1025:          3          6          3          3          3
  1030:          1         10          6          2          1
  1035:          5          5          3          1          3
  1040:          4          4          1          3          5
  1045:          1          4          1          1          7
  1050:          1          3          3          3          7
  1055:          5          2          5          0          2
  1060:          2          4          2          2          2
  1065:          2          3          3          2          4
  1070:          2          4          0          2          3
  1075:          2          1          3          3          0
  1080:          2          1          4          3          1
  1085:          2          5          3          2          5
  1090:          1          1          4          4          1
  1095:          1          0          3          2          2
  1100:          2          2          4          4          4
  1105:          1          0          1          0          5
  1110:          5          0          1          0          1
  1115:          0          3          1          2          3
  1120:          2          1          2          0          6
  1125:          3          3          5          5          1
  1130:          2          3          2          4          2
  1135:          4          5          0          4          4
  1140:          1          5          1          3          3
  1145:          1          3          2          5          1
  1150:          1          2          1          4          3
  1155:          3          2          2          1          3
  1160:          0          2          3          2          2
  1165:          1          1          2          2          2
  1170:          2          3          1          8          3
  1175:          4          3          3          4          2
  1180:          2          1          2          3          5
  1185:          2          3          4          2          2
  1190:          4          3          6          1          4
  1195:          5          2          4          4          1
  1200:          4          3          6          6          2
  1205:          6          2          7          5          5
  1210:          3          2          7          3          6
  1215:          3          2          2          4          6
  1220:          5          1          5          7          3
  1225:          6          3          0          4          2
  1230:          2          4          2          1          5
  1235:          3          4          1          7          5
  1240:          7          3          2          3          2
  1245:          2          1          1          6          4
  1250:         10          2          5          3          2
  1255:          2          5          6          4          1
  1260:          4         10          3          4          6
  1265:          8          2          4          5          4
  1270:          2          5          2          5          3
  1275:          2          5          6          6          2
  1280:          3          3         11          5          5
  1285:          8          6          3          5          4
  1290:          0          3          3          5          3
  1295:          5          2          5          4          4
  1300:          5          4          3          3          2
  1305:          4          2         10          1          3
  1310:          6          5          4          8          4
  1315:          2          5          2          4          1
  1320:          2          4          3          6          4
  1325:          8          4          7          7          4
  1330:          3          2          2          4          5
  1335:          2          1          0          6          1
  1340:          4          1          2          2          1
  1345:          2          2          1          5          2
  1350:          0          7          5          3          3
  1355:          1          2          3          3          3
  1360:          0          1          1          2          1
  1365:          4          5          1          1          2
  1370:          3          1          1          2          0
  1375:          1          4          3          2          2
  1380:          2          0          2          3          2
  1385:          1          1          1          3          1
  1390:          3          2          1          0          1
  1395:          0          0          2          2          0
  1400:          0          1          0          0          1
  1405:          0          0          1          3          2
  1410:          5          3          4          1          2
  1415:          2          3          1          2          3
  1420:          1          2          6          1          1
  1425:          1          0          4          2          6
  1430:          2          3          2          2          2
  1435:          4          2          1          4          5
  1440:          2          0          2          2          2
  1445:          3          0          1          3          3
  1450:          6          2          1          1          7
  1455:          3          3          4          1          2
  1460:          2          2          1          0          4
  1465:          3          4          2          4          3
  1470:          6          3          4          0          3
  1475:          1          3          3          1          5
  1480:          2          5          5          1          7
  1485:          1          1          2          4          1
  1490:          0          4          3          8          3
  1495:          1          2          7          5          6
  1500:          3          3          7          3          8
  1505:          1          2          1          2          4
  1510:          6          4          2          3          4
  1515:          1          5          2          3          7
  1520:          2          2          4          2          5
  1525:          3          3          2          1          1
  1530:          5          0          1          1          3
  1535:          4          6          3          1          1
  1540:          3          2          3          4          3
  1545:          4          2          3          4          2
  1550:          3          4          4          3          2
  1555:          3          7          0          3          4
  1560:          4          3          4          3          3
  1565:          5          2          1          1          3
  1570:          1          2          2          1          2
  1575:          6          3          8          4          3
  1580:          4          3          1          2          2
  1585:          4          4          3          1          2
  1590:          2          1          0          4          0
  1595:          1          2          1          1          2
  1600:          1          2          0          2          0
  1605:          0          0          1          1          4
  1610:          0          0          0          0          4
  1615:          1          0          1          2          0
  1620:          1          0          0          2          1
  1625:          1          3          1          1          1
  1630:          0          0          2          0          2
  1635:          2          0          0          0          1
  1640:          0          1          0          0          0
  1645:          0          0          0          1          2
  1650:          0          1          0          0          0
  1655:          0          0          1          0          1
  1660:          0          1          0          0          0
  1665:          2          2          0          1          0
  1670:          0          1          1          1          1
  1675:          0          0          1          0          1
  1680:          1          0          0          0          1
  1685:          1          0          0          0          0
  1690:          0          0          0          0          1
  1695:          0          2          1          0          0
  1700:          2          0          0          0          0
  1705:          1          0          1          3          0
  1710:          2          1          0          1          0
  1715:          1          0          0          0          1
  1720:          0          1          0          2          0
  1725:          1          0          0          1          0
  1730:          0          1          0          1          0
  1735:          1          2          2          0          0
  1740:          1          0          1          0          1
  1745:          0          0          0          0          0
  1750:          1          1          3          1          0
  1755:          0          0          2          0          0
  1760:          1          0          1          2          1
  1765:          0          0          2          0          1
  1770:          0          2          1          0          1
  1775:          0          0          0          0          0
  1780:          0          0          0          1          0
  1785:          1          0          0          1          0
  1790:          0          0          0          1          1
  1795:          1          2          0          1          0
  1800:          0          1          0          0          0
  1805:          2          0          0          0          2
  1810:          0          0          1          0          1
  1815:          0          1          0          0          0
  1820:          1          2          1          0          0
  1825:          1          0          1          1          0
  1830:          0          0          0          2          0
  1835:          1          0          0          1          0
  1840:          1          0          0          0          0
  1845:          0          0          0          0          0
  1850:          0          0          0          1          0
  1855:          0          0          0          0          0
  1860:          0          0          0          0          0
  1865:          0          0          0          0          0
  1870:          0          0          0          0          0
  1875:          0          0          0          0          0
  1880:          0          0          0          0          0
  1885:          0          0          0          0          0
  1890:          0          0          0          0          0
  1895:          0          0          0          0          0
  1900:          0          0          0          0          0
  1905:          0          0          0          0          0
  1910:          0          0          0          0          0
  1915:          0          0          0          0          0
  1920:          0          0          0          0          0
  1925:          0          0          0          0          0
  1930:          0          0          0          0          0
  1935:          0          0          0          0          0
  1940:          0          0          0          0          0
  1945:          0          0          0          0          0
  1950:          0          0          0          0          0
  1955:          0          0          0          0          0
  1960:          0          0          0          0          0
  1965:          0          0          0          0          0
  1970:          0          0          0          0          0
  1975:          0          0          0          0          0
  1980:          0          0          0          0          0
  1985:          0          0          0          0          0
  1990:          0          0          0          0          0
  1995:          0          0          0          0          0
  2000:          0          0          0          0          0
  2005:          0          0          0          0          0
  2010:          0          0          0          0          0
  2015:          0          0          0          0          0
  2020:          0          0          0          0          0
  2025:          0          0          0          0          0
  2030:          0          0          0          0          0
  2035:          0          0          0          0          0
  2040:          0          0          0          0          0
  2045:          0          0          0
