ACQUISITION INFORMATION

Detector ID:  1
Detector description:
COS12ZBPR3 Easy-MCA-2k SN 16145344
Sample description:
Background
Real Time:  61.899999
Live Time:  61.679999
Acquisition start date:  20Feb2024
Acquisition start time:  13:00:45
Starting channel number:   0
Number of channels:   2048


CALIBRATION INFORMATION

ENERGY CALIBRATION
Units:
Energy Fit:  0.000000E+000  8.379747E-001  0.000000E+000
FWHM Fit:  0.000000E+000  0.000000E+000  0.000000E+000
Efficiency Terms:  0.000000  0.000000  0.000000  0.000000  0.000000
  0.000000  0.000000  0.000000  0.000000  0.000000


SPECTRUM
     0:          0          0          0          0          0
     5:         10         78         61         51         41
    10:         41         45         47         41         42
    15:         48         58         43         52         36
    20:         55         41         45         50         53
    25:         53         50         48         54         60
    30:         68         58         68         76         74
    35:         59         56         60         65         65
    40:         65         49         60         55         60
    45:         63         55         64         47         56
    50:         53         73         57         56         45
    55:         59         61         53         36         52
    60:         52         54         40         55         53
    65:         52         49         52         56         43
    70:         66         44         49         48         56
    75:         49         51         69         42         55
    80:         62         52         55         57         59
    85:         61         81         90         85         77
    90:         73         79         93         92        104
    95:         98        104         85         84        102
   100:         74         73         74         76         73
   105:         85         71         80         70         91
   110:         73         71         71         70         86
   115:         51         60         58         51         61
   120:         48         47         55         47         49
   125:         52         52         50         56         50
   130:         43         59         51         62         58
   135:         43         60         43         55         49
   140:         50         47         53         52         48
   145:         52         49         50         58         57
   150:         52         49         40         43         47
   155:         55         49         60         44         51
   160:         41         39         41         47         55
   165:         49         53         52         43         55
   170:         63         41         48         56         39
   175:         62         43         43         60         54
   180:         54         47         43         54         59
   185:         53         50         57         49         59
   190:         55         59         59         52         59
   195:         62         49         57         43         46
   200:         41         63         38         45         47
   205:         40         58         55         48         60
   210:         60         65         59         73         65
   215:         59         62         55         56         59
   220:         64         75         71         56         53
   225:         74         63         53         67         70
   230:         49         73         63         70         59
   235:         76         67         74         59         64
   240:         72         69         62         54         63
   245:         71         59         55         78         71
   250:         71         63         64         63         64
   255:         52         71         46         76         63
   260:         46         63         53         55         60
   265:         53         68         60         66         64
   270:         72         44         50         54         54
   275:         67         67         63         48         48
   280:         48         70         62         55         54
   285:         46         46         61         52         66
   290:         38         41         64         48         69
   295:         58         54         48         49         54
   300:         49         44         47         42         51
   305:         43         56         59         48         51
   310:         56         44         50         50         52
   315:         48         47         69         52         39
   320:         36         50         48         52         54
   325:         39         49         40         52         48
   330:         44         53         52         48         46
   335:         40         45         47         46         59
   340:         43         50         47         41         51
   345:         43         39         46         45         61
   350:         39         52         53         39         48
   355:         39         53         40         55         67
   360:         47         44         45         44         33
   365:         50         46         46         46         46
   370:         47         53         43         53         47
   375:         54         60         40         44         40
   380:         45         43         41         37         43
   385:         42         42         51         40         38
   390:         51         51         37         54         34
   395:         40         40         55         37         41
   400:         43         42         52         32         52
   405:         44         40         42         34         48
   410:         38         64         47         37         36
   415:         34         41         41         49         40
   420:         50         50         46         40         50
   425:         42         55         47         45         50
   430:         44         38         36         45         40
   435:         47         45         36         42         50
   440:         50         39         62         44         35
   445:         20         44         41         51         51
   450:         42         52         47         39         38
   455:         54         54         42         40         41
   460:         47         45         33         47         40
   465:         46         42         41         41         37
   470:         51         31         36         51         43
   475:         34         31         51         42         60
   480:         49         50         41         48         47
   485:         44         37         39         48         57
   490:         35         33         53         48         49
   495:         43         38         40         51         58
   500:         45         36         43         34         41
   505:         34         38         41         48         47
   510:         46         42         40         55         58
   515:         39         39         55         52         51
   520:         54         55         35         55         47
   525:         55         62         51         41         44
   530:         58         42         39         50         42
   535:         51         48         49         52         52
   540:         36         42         46         42         38
   545:         32         43         41         37         46
   550:         38         46         41         36         36
   555:         31         39         43         42         32
   560:         34         29         32         26         29
   565:         32         42         24         33         36
   570:         33         23         30         33         16
   575:         33         29         24         29         22
   580:         30         23         23         26         18
   585:         21         25         17         16         22
   590:         19         24         15         26         23
   595:         15         25         10         21         19
   600:         17         21         14         14         19
   605:         15         16         15         26         16
   610:          8         17         12         15         18
   615:         12         18         14         19         19
   620:         12         17         12         11         20
   625:         13         10         12         15         14
   630:         17         15         11         10         14
   635:         14         20         17         15         16
   640:         10          8         17         15          8
   645:         15         11         11         11         16
   650:         10         10          9         12         10
   655:         12          7         12         13         11
   660:         14         12         17         14         13
   665:         19         15          7          9         14
   670:          8         15          7          9         10
   675:         13         18         10         13         13
   680:         18         20         15         13         20
   685:         11         15         12         20         14
   690:         18         18         18         15         10
   695:         19         18         25         17         15
   700:         20         18         14         22         22
   705:         19         24         32         24         21
   710:         35         29         25         22         29
   715:         40         24         31         34         37
   720:         39         33         41         45         52
   725:         40         46         45         45         50
   730:         63         52         62         56         62
   735:         57         58         73         69         56
   740:         68         90         93         69         83
   745:         60         87         79        101         87
   750:        100         81         96        104        111
   755:        109         91        111        114         90
   760:        105        107        108        122        110
   765:        119        123        122        117        137
   770:        122        147        125        125        157
   775:        133        157        151        125        150
   780:        153        160        157        126        137
   785:        137        134        135        136        153
   790:        164        143        132        137        122
   795:        132        140        133        146        139
   800:        136        119        129        139        107
   805:        133        123        120        111        117
   810:        110        121        110        116         98
   815:        122        100        102        112        108
   820:         88         99         93         81         84
   825:         88         74         76         80         65
   830:         68         81         59         57         61
   835:         48         40         56         47         57
   840:         51         48         32         36         38
   845:         31         46         18         35         19
   850:         33         22         28         25         23
   855:         16         18         16         18         14
   860:         17         12         17         13         13
   865:         10          7          5          6          5
   870:          4          7          5          4          7
   875:          7         10          4          2          2
   880:          2          4          3          3          1
   885:          2          2          2          2          0
   890:          2          0          0          1          0
   895:          1          1          0          1          1
   900:          0          1          1          0          1
   905:          0          1          0          0          0
   910:          0          0          0          0          0
   915:          0          0          0          1          0
   920:          0          0          0          0          0
   925:          0          0          0          0          1
   930:          0          0          0          0          0
   935:          0          0          0          0          0
   940:          0          1          0          0          1
   945:          1          0          0          0          0
   950:          0          0          0          1          0
   955:          0          0          0          0          0
   960:          0          0          0          0          0
   965:          0          0          0          0          0
   970:          0          0          1          0          0
   975:          0          0          0          0          0
   980:          0          0          1          0          0
   985:          0          0          1          0          0
   990:          0          0          0          0          1
   995:          0          1          0          0          0
  1000:          0          0          0          0          1
  1005:          0          0          0          0          0
  1010:          0          1          0          0          0
  1015:          0          0          0          0          0
  1020:          0          0          0          1          0
  1025:          0          0          0          0          0
  1030:          0          0          0          1          0
  1035:          0          0          0          0          0
  1040:          0          0          0          0          0
  1045:          0          1          0          0          0
  1050:          0          0          0          0          1
  1055:          0          0          0          0          0
  1060:          0          0          0          1          0
  1065:          0          0          0          0          1
  1070:          0          0          0          0          0
  1075:          1          0          0          0          0
  1080:          0          0          0          0          0
  1085:          0          0          0          0          0
  1090:          0          0          0          0          1
  1095:          0          0          0          0          0
  1100:          0          0          0          0          0
  1105:          0          0          0          0          0
  1110:          0          1          0          0          1
  1115:          0          0          0          0          0
  1120:          0          0          0          0          0
  1125:          0          0          0          0          0
  1130:          0          0          1          0          0
  1135:          0          0          0          0          0
  1140:          0          1          0          0          0
  1145:          0          0          0          0          0
  1150:          0          1          0          0          0
  1155:          0          1          0          0          0
  1160:          1          0          0          0          0
  1165:          0          0          0          0          0
  1170:          0          0          0          0          1
  1175:          0          0          0          0          0
  1180:          0          0          0          0          0
  1185:          0          0          0          0          0
  1190:          0          0          0          0          0
  1195:          0          1          1          0          0
  1200:          0          1          0          0          0
  1205:          0          0          0          0          0
  1210:          0          1          0          0          0
  1215:          0          0          0          0          0
  1220:          0          0          0          0          0
  1225:          0          0          0          0          1
  1230:          0          0          0          0          0
  1235:          0          0          0          1          0
  1240:          0          0          0          0          0
  1245:          0          0          0          0          0
  1250:          0          0          0          1          0
  1255:          0          0          0          0          0
  1260:          0          0          0          0          0
  1265:          0          0          0          0          0
  1270:          0          0          0          0          0
  1275:          0          0          0          0          0
  1280:          0          0          0          0          0
  1285:          0          0          0          0          0
  1290:          0          0          0          0          0
  1295:          0          0          0          0          0
  1300:          0          0          0          0          0
  1305:          0          0          0          0          0
  1310:          0          0          1          0          0
  1315:          0          0          0          0          0
  1320:          0          0          0          0          1
  1325:          0          0          0          0          0
  1330:          0          0          0          0          0
  1335:          0          1          0          0          0
  1340:          0          0          0          0          0
  1345:          0          0          0          0          0
  1350:          0          0          1          0          0
  1355:          0          0          0          0          0
  1360:          0          0          0          0          0
  1365:          0          0          0          0          0
  1370:          0          1          0          0          0
  1375:          0          0          0          0          0
  1380:          0          0          0          1          0
  1385:          0          0          0          0          0
  1390:          0          0          0          0          0
  1395:          0          0          0          0          0
  1400:          1          0          0          0          0
  1405:          0          0          0          0          0
  1410:          0          0          0          0          0
  1415:          0          0          0          0          0
  1420:          0          1          0          0          0
  1425:          0          0          0          0          0
  1430:          0          0          0          0          0
  1435:          0          0          0          1          0
  1440:          0          0          0          0          0
  1445:          0          0          0          0          0
  1450:          0          0          0          0          0
  1455:          0          0          0          0          0
  1460:          0          0          0          0          1
  1465:          0          0          0          0          0
  1470:          0          0          0          0          0
  1475:          0          0          0          0          1
  1480:          0          0          0          0          0
  1485:          0          0          0          0          0
  1490:          0          0          0          0          0
  1495:          0          0          0          0          0
  1500:          0          0          0          0          0
  1505:          0          0          0          0          0
  1510:          0          0          0          0          0
  1515:          0          0          0          0          0
  1520:          0          0          0          0          0
  1525:          0          0          0          0          0
  1530:          0          0          0          0          0
  1535:          0          0          0          0          0
  1540:          0          1          0          0          0
  1545:          0          0          0          0          0
  1550:          0          0          0          0          0
  1555:          0          0          0          0          0
  1560:          0          0          0          0          0
  1565:          0          0          0          0          0
  1570:          0          0          0          0          0
  1575:          0          0          0          0          0
  1580:          1          0          0          0          0
  1585:          0          0          0          0          0
  1590:          0          0          0          0          0
  1595:          0          0          0          0          0
  1600:          0          0          0          0          0
  1605:          0          0          0          0          0
  1610:          0          0          0          0          0
  1615:          0          0          0          0          0
  1620:          0          0          0          0          0
  1625:          0          0          0          0          0
  1630:          0          0          0          0          0
  1635:          0          0          0          0          0
  1640:          0          0          0          0          0
  1645:          0          0          0          0          0
  1650:          0          0          0          0          0
  1655:          0          0          0          0          0
  1660:          0          0          0          0          0
  1665:          0          0          0          0          0
  1670:          0          0          0          0          0
  1675:          0          0          1          0          0
  1680:          0          0          0          0          0
  1685:          0          0          0          0          0
  1690:          0          0          0          0          0
  1695:          0          0          0          0          0
  1700:          0          0          0          0          0
  1705:          0          0          0          0          0
  1710:          0          0          0          0          0
  1715:          0          0          0          0          0
  1720:          0          0          0          0          0
  1725:          0          0          0          0          0
  1730:          0          0          0          0          0
  1735:          0          0          0          0          0
  1740:          0          0          0          0          0
  1745:          0          0          1          0          0
  1750:          0          0          0          0          0
  1755:          0          0          0          0          0
  1760:          0          0          0          0          0
  1765:          0          0          0          0          0
  1770:          0          0          0          0          0
  1775:          0          0          0          0          0
  1780:          0          0          0          0          0
  1785:          0          0          0          0          0
  1790:          0          0          0          0          0
  1795:          0          0          0          0          0
  1800:          0          0          0          0          0
  1805:          0          0          0          0          0
  1810:          0          0          0          0          0
  1815:          0          0          0          0          1
  1820:          0          0          0          0          0
  1825:          0          0          0          0          0
  1830:          0          0          0          0          0
  1835:          0          0          0          0          0
  1840:          0          0          0          0          0
  1845:          0          0          0          0          0
  1850:          1          0          0          0          0
  1855:          0          0          0          0          0
  1860:          0          0          0          0          1
  1865:          0          0          0          0          0
  1870:          0          0          0          0          0
  1875:          0          0          0          0          0
  1880:          0          0          0          0          0
  1885:          0          0          0          0          0
  1890:          0          0          0          0          0
  1895:          0          0          0          0          0
  1900:          0          0          0          0          0
  1905:          0          0          0          0          0
  1910:          0          0          0          0          0
  1915:          0          0          0          0          0
  1920:          0          0          0          0          0
  1925:          0          0          0          0          0
  1930:          0          0          0          0          0
  1935:          0          0          0          0          0
  1940:          0          0          0          0          0
  1945:          0          0          0          0          0
  1950:          0          0          0          0          0
  1955:          0          0          0          0          0
  1960:          0          0          0          0          0
  1965:          0          0          0          0          0
  1970:          0          0          0          0          0
  1975:          0          0          0          0          0
  1980:          0          0          0          0          0
  1985:          0          0          0          0          0
  1990:          0          0          0          0          0
  1995:          0          0          0          0          0
  2000:          0          0          0          0          0
  2005:          0          0          0          0          0
  2010:          0          0          0          0          0
  2015:          0          0          0          0          0
  2020:          0          0          0          0          0
  2025:          0          0          0          0          0
  2030:          0          0          0          0          0
  2035:          0          0          0          0          0
  2040:          0          0          0          0          0
  2045:          0          0          0
