ACQUISITION INFORMATION

Detector ID:  1
Detector description:
COS12ZBPR3 Easy-MCA-2k SN 16145344
Sample description:
Background
Real Time:  156.019997
Live Time:  155.659997
Acquisition start date:  20Feb2024
Acquisition start time:  11:54:55
Starting channel number:   0
Number of channels:   2048


CALIBRATION INFORMATION

ENERGY CALIBRATION
Units:
Energy Fit:  0.000000E+000  8.379747E-001  0.000000E+000
FWHM Fit:  0.000000E+000  0.000000E+000  0.000000E+000
Efficiency Terms:  0.000000  0.000000  0.000000  0.000000  0.000000
  0.000000  0.000000  0.000000  0.000000  0.000000


SPECTRUM
     0:          0          0          0          0          0
     5:         26         94         96         81         74
    10:         69         70         58         85         91
    15:         90         76         81         72         91
    20:         65         68         76         67         71
    25:         98         83         85         63         79
    30:         88        102         96        104        108
    35:        111         91        122        104         94
    40:         94         95         92         95         89
    45:        103         78         94         81         83
    50:         65         93         73         89         73
    55:         76         83         91         86         86
    60:         81         79         95         83         92
    65:         72         76         71         80        104
    70:         88         84        105         90         81
    75:        105         92         74         78         75
    80:         86         94         93         98         97
    85:         86        103         81        100        100
    90:         99        107        106        101        109
    95:        110        109        118        108        119
   100:         98         93        102         82         79
   105:         95        109        110         96         75
   110:         82         91         68         67        100
   115:         80         76         74        100         79
   120:         84         81         83         79         95
   125:         83         94         71         82         73
   130:         65         66         79         81         76
   135:         74         91         69         71         84
   140:         74         85         85         95         70
   145:         80         64         80         75         76
   150:         83         71         86         62         86
   155:         76         72         74         75         68
   160:         81         74         84         74         71
   165:         70         85         93         56         94
   170:         76         77         91         75         67
   175:         65         73         74         87         86
   180:         61         71         65         89         78
   185:         79         77         88         66         87
   190:         60         79         71         87         97
   195:         74         86         90         88         81
   200:         71         84         86         99        107
   205:         98         76         97        101         92
   210:        103         92         91        120        109
   215:         88        105         85        106        119
   220:        110         97        101        110        116
   225:        112        102         89         94         89
   230:        123         92         91        107         99
   235:        119        119        102         89        102
   240:         93         88         98        113        101
   245:         96        101        104        112        106
   250:        104        123         93        105         87
   255:         77         85         94        108         96
   260:         92         95        100         96        103
   265:         99         83         96         75         79
   270:         83         87         97         85         71
   275:         92        105         85         77         81
   280:         91         93         72         70         78
   285:         96         97         98         88         97
   290:         89         82         82         73         85
   295:         73         74         67         75         92
   300:         87        102         84         94         66
   305:         73         79         79         78         73
   310:         79         81         77         62         68
   315:         65         88         68         80         70
   320:         78         58         96         81         85
   325:         78         76         76         76         88
   330:         84         77         78         72         68
   335:         70         57         51         67         60
   340:         68         52         67         70         69
   345:         81         56         79         67         63
   350:         72         67         74         72         68
   355:         79         65         56         80         60
   360:         74         63         77         80         80
   365:         64         68         64         57         68
   370:         64         68         82         60         68
   375:         77         62         64         74         59
   380:         71         60         66         63         56
   385:         73         64         63         72         47
   390:         68         70         79         62         93
   395:         60         54         78         52         72
   400:         57         53         48         57         46
   405:         48         62         52         55         49
   410:         51         51         56         47         39
   415:         32         36         48         49         45
   420:         43         44         47         32         42
   425:         42         28         34         37         36
   430:         28         30         40         24         26
   435:         28         16         27         27         24
   440:         29         31         31         28         33
   445:         25         35         24         32         24
   450:         23         27         18         34         32
   455:         22         24         30         30         28
   460:         24         24         29         29         16
   465:         12         26         21         19         23
   470:         19         18         30         20         20
   475:         26         30         20         21         19
   480:         29         17         17         18         19
   485:         17         15         26         24         14
   490:         14         18         20         20         24
   495:         18         21         19         19         10
   500:         20         13         28         23         22
   505:         26         15         27         27         16
   510:         23         28         20         24         22
   515:         13         24         24         15         24
   520:         18         21         17         30         15
   525:         23         20         22         28         28
   530:         23         25         25         24         28
   535:         30         37         38         35         43
   540:         30         31         40         39         34
   545:         40         35         39         54         42
   550:         50         50         46         44         54
   555:         59         60         65         59         63
   560:         69         78         99         73         81
   565:         79         93         82         90         84
   570:        128        114        117        134        123
   575:        135        130        144        163        151
   580:        145        170        160        207        192
   585:        181        189        194        208        205
   590:        230        228        250        250        248
   595:        253        258        288        273        256
   600:        242        255        296        274        285
   605:        306        302        315        286        295
   610:        275        321        306        358        308
   615:        314        303        314        312        287
   620:        315        319        329        282        282
   625:        298        300        299        304        264
   630:        272        292        255        229        274
   635:        244        229        263        205        242
   640:        214        252        221        186        180
   645:        173        176        202        165        187
   650:        161        151        164        142        117
   655:        133        140        116         99         92
   660:         90         85         83         88         79
   665:         84         75         81         65         57
   670:         54         56         38         48         47
   675:         42         25         28         30         29
   680:         30         25         22         37         20
   685:         30         27         24         17         13
   690:         14         10         22         15         14
   695:         12         13         13         23          9
   700:         15         12         15          9          8
   705:         12         14         19         10         13
   710:         10          8          9         10         12
   715:         12         13         10         13          8
   720:         10         10          9         14         10
   725:          4          4         15         14         15
   730:         13         12          8         13         11
   735:         11          6         11         19         10
   740:          6         15          5         11         14
   745:         17         10         12         14         11
   750:          6          9         13          9         16
   755:         15         11          8         10          8
   760:          7          7          8         13         11
   765:         12         16         13         11          9
   770:         12         11         12         14          8
   775:         11         13         13         11          7
   780:         10          3          8          8          4
   785:          8          7          5         19          5
   790:         14         11          7         11         10
   795:         12         11         10          9         15
   800:         11         14         11         14         20
   805:          8          9          8          9         10
   810:         10          7          5         10         16
   815:         14         15         16         14          9
   820:          5         12         14         13         13
   825:         18         19         12         20         12
   830:          9          9          8         10         12
   835:         23         12         12         16          8
   840:         14          9         15         14         13
   845:         19         10         10         13         17
   850:         13         14         10         14          9
   855:         10         12         10         11         15
   860:         12         15          8          9         17
   865:         10          9         10          5         11
   870:          8          7         17         16         14
   875:         14         10         16         14         13
   880:         14         17         13         10          6
   885:         13         11         16          8         11
   890:         12         15         14         14         11
   895:          8         14         10         15         15
   900:         10         11          8         18         12
   905:         10          8         11         13         11
   910:         15         10         11         11         11
   915:          8         15         17         12         14
   920:         11         13          9          6         13
   925:         16         10          8         12         14
   930:         12         11          8         16         10
   935:         11         10         13          8         17
   940:          9          9         10         14         10
   945:         12         12         13         18         10
   950:         12          7          9         12         16
   955:         11         14         14         13         14
   960:          9          8         16         15         12
   965:          9          8         11         15         12
   970:         10         15         15         12         11
   975:          9         11         15          8         11
   980:          7         17         11         10         12
   985:          8         12         16          6          9
   990:         16          5         14          7         18
   995:          9         14         14         13         15
  1000:         13          6         15         10         16
  1005:         11          9         15          5         11
  1010:         11         14         14         13         15
  1015:         13         17          9          9         11
  1020:         16         12         12         14         10
  1025:          9         10          9         12         12
  1030:         15         14          4         13         15
  1035:          7         12         11         10         25
  1040:         15          5         12          3         15
  1045:         17         10         26          7         15
  1050:         16         13         10         14         13
  1055:         12         13          8         16          8
  1060:         11          4         18          8         11
  1065:         15          7         11         16         16
  1070:         13          7          6          7         16
  1075:         11         15         12         17          7
  1080:         11         17         16         10         19
  1085:         11         18         13         10         13
  1090:         12         18         13         15          7
  1095:         10         16         16         12         13
  1100:         10         14         16         10         12
  1105:         11         11         13         14         15
  1110:          8         10         11          9         14
  1115:         15         10         14         17         19
  1120:         17         11         17          9         11
  1125:         13          6          6          9         12
  1130:         19         18         10          7         16
  1135:         12         15         14         15          7
  1140:         12          7          6         11         15
  1145:          8         11         18         19         11
  1150:         21         10         10         10         19
  1155:         19         12         10          9          6
  1160:         10         17         18         21         15
  1165:         13         13         13          8         14
  1170:         11         18         17          9          8
  1175:         16         14         13         13          8
  1180:         14          9         15         14         17
  1185:         12         17          7         15         10
  1190:         12         14         16         12          7
  1195:         10         17         11         11         14
  1200:         12         15         15         13         10
  1205:          5         13          9          7         10
  1210:          9         11         12          5          6
  1215:         14         10         12         10         15
  1220:          7         12          6         12          6
  1225:         13          9         15          9          8
  1230:          9          3          6          9          9
  1235:         10         11         11          8          5
  1240:          9          4         14          9         10
  1245:          9          8         10          9         17
  1250:          5         16         10         12          5
  1255:          9          7          4         11         10
  1260:         10          3          9         14          8
  1265:          8          4          8          7          6
  1270:          2          8          9          7          6
  1275:         10          6         11          4          4
  1280:          5          9          7          7          5
  1285:          9          6         11          5          4
  1290:          6          6          7          7          5
  1295:          8          4          3          5          0
  1300:          1          4          2          3          6
  1305:          7          9          4          4          3
  1310:          5          3          5          5          3
  1315:         10          3          6          2          5
  1320:          4          5          4          7          3
  1325:          2          4          2         13          1
  1330:          4          5          2          3          3
  1335:          7          2          3          4          3
  1340:          9          9          4          4          2
  1345:          4          8          3          2          6
  1350:          5          5          0          5          9
  1355:          6          3          5          3          8
  1360:          7          3          8          5          2
  1365:          4          0          7          6          7
  1370:          5          6          6          2          7
  1375:         10          1          7          7          5
  1380:          7          9         13          7          3
  1385:          9          4          6          8          8
  1390:          9          4          5         10         11
  1395:          5          9          6         10         11
  1400:         12          7          5         12         12
  1405:          8         15          8         16         10
  1410:         11         17          9          8         17
  1415:         13         17         12          9         19
  1420:         12         16         24         15         14
  1425:         19          8          5         17         14
  1430:         16         16         14         20         10
  1435:         14         17         12         23         15
  1440:         17         18         18         21         19
  1445:         14         14         19         11         15
  1450:         28         16         18         22         17
  1455:         12         18         20         25         15
  1460:         17         16         24         28         21
  1465:         28         29         16         18         12
  1470:         18         27         24         25         21
  1475:         19         20         11         26         15
  1480:         19         29         21         27         23
  1485:         22         19         22         18         25
  1490:         35         19         25         27         25
  1495:         17         23         26         19         19
  1500:         23         27         24         18         24
  1505:         21         22         24         22         24
  1510:         19         22         17         21         22
  1515:         17         25         29         34         20
  1520:         20         14         14         23         21
  1525:         14         25         21         16         17
  1530:         29         20         18         17         18
  1535:         19         21         20         20         19
  1540:         14         12         17         13         17
  1545:         14         16         20         16         17
  1550:         15         13         14          9         15
  1555:         17         11         18         17         18
  1560:         14         15         18         11          9
  1565:         14          8         10         10         10
  1570:         16         10          5         17          5
  1575:          7         11          7          8          2
  1580:         12          7          9          8         11
  1585:          9          6          6          9          6
  1590:          8          7          8          8          2
  1595:          7          2          2          2          7
  1600:          3          8          5          9          4
  1605:          4          3         12          3          3
  1610:          5          2          5          2          7
  1615:          2          1          4          3          4
  1620:          2          3          3          3          2
  1625:          3          3          2          3          1
  1630:          1          4          5          4          5
  1635:          2          4          4          2          3
  1640:          4          2          6          1          1
  1645:          3          3          2          2          0
  1650:          3          0          5          2          3
  1655:          3          0          2          2          3
  1660:          4          2          3          1          4
  1665:          3          4          1          4          4
  1670:          3          2          3          1          2
  1675:          1          1          1          2          0
  1680:          3          0          2          3          3
  1685:          3          3          3          1          3
  1690:          2          2          1          0          2
  1695:          0          0          2          4          4
  1700:          0          2          1          2          2
  1705:          2          3          3          2          3
  1710:          2          2          3          1          2
  1715:          0          1          0          2          4
  1720:          0          2          1          1          2
  1725:          2          4          3          2          1
  1730:          0          4          1          2          2
  1735:          2          2          6          0          4
  1740:          3          3          3          1          5
  1745:          1          3          2          4          2
  1750:          2          1          4          1          1
  1755:          1          1          3          3          4
  1760:          3          4          1          3          3
  1765:          1          2          3          1          3
  1770:          3          4          3          1          0
  1775:          2          0          0          0          2
  1780:          2          2          0          0          1
  1785:          1          3          2          2          1
  1790:          2          3          1          1          2
  1795:          1          4          1          3          4
  1800:          2          0          1          1          0
  1805:          1          2          5          1          5
  1810:          1          1          0          3          2
  1815:          0          2          1          1          2
  1820:          3          2          1          3          5
  1825:          0          3          1          2          3
  1830:          1          0          1          2          0
  1835:          2          3          1          1          1
  1840:          1          2          0          2          1
  1845:          1          1          2          1          0
  1850:          1          1          1          2          2
  1855:          1          1          1          3          1
  1860:          0          4          0          1          1
  1865:          2          0          0          0          0
  1870:          0          0          0          0          0
  1875:          0          0          0          0          0
  1880:          0          0          0          0          0
  1885:          0          0          0          0          0
  1890:          0          0          0          0          0
  1895:          0          0          0          0          0
  1900:          0          0          0          0          0
  1905:          0          0          0          0          0
  1910:          0          0          0          0          0
  1915:          0          0          0          0          0
  1920:          0          0          0          0          0
  1925:          0          0          0          0          0
  1930:          0          0          0          0          0
  1935:          0          0          0          0          0
  1940:          0          0          0          0          0
  1945:          0          0          0          0          0
  1950:          0          0          0          0          0
  1955:          0          0          0          0          0
  1960:          0          0          0          0          0
  1965:          0          0          0          0          0
  1970:          0          0          0          0          0
  1975:          0          0          0          0          0
  1980:          0          0          0          0          0
  1985:          0          0          0          0          0
  1990:          0          0          0          0          0
  1995:          0          0          0          0          0
  2000:          0          0          0          0          0
  2005:          0          0          0          0          0
  2010:          0          0          0          0          0
  2015:          0          0          0          0          0
  2020:          0          0          0          0          0
  2025:          0          0          0          0          0
  2030:          0          0          0          0          0
  2035:          0          0          0          0          0
  2040:          0          0          0          0          0
  2045:          0          0          0
