ACQUISITION INFORMATION

Detector ID:  1
Detector description:
COS12ZBPR3 Easy-MCA-2k SN 16145344
Sample description:
Background
Real Time:  150.719997
Live Time:  150.379997
Acquisition start date:  20Feb2024
Acquisition start time:  12:00:30
Starting channel number:   0
Number of channels:   2048


CALIBRATION INFORMATION

ENERGY CALIBRATION
Units:
Energy Fit:  0.000000E+000  8.379747E-001  0.000000E+000
FWHM Fit:  0.000000E+000  0.000000E+000  0.000000E+000
Efficiency Terms:  0.000000  0.000000  0.000000  0.000000  0.000000
  0.000000  0.000000  0.000000  0.000000  0.000000


SPECTRUM
     0:          0          0          0          0          0
     5:         23         73         86         77         71
    10:         78         77         69         73         63
    15:         84         77         76         77         86
    20:         61         71         80         80         79
    25:         81         76         71         81         92
    30:         77         87         88         82        122
    35:        104        113        111         98         88
    40:         96         96         91         91         91
    45:         91         86         92         84         83
    50:         75         67         81         78         60
    55:         78         62         82         82         82
    60:         80         67         89         80         67
    65:         72         67         77         71         74
    70:         88         81         92         83         70
    75:         76         75         69         79         92
    80:        103         76         95         97         82
    85:         79         84         98         87         81
    90:         86         87         89         95         97
    95:        107        109         93         98         93
   100:        106         83         79         78         65
   105:         79         91         89         87         77
   110:         75         81         75         90         96
   115:         71         82         64         83         94
   120:         86         74         77         76         81
   125:         85         95         64         67         70
   130:         65         76         65         63         82
   135:         76         77         73         68         68
   140:         71         72         73         86         72
   145:         92         87         80         78         71
   150:         92         78         64         71         60
   155:         83         86         92         64         72
   160:         68         67         85         84         73
   165:         88         84         87         72         75
   170:         94         67         62         63         77
   175:         77         76         62         69         71
   180:         77         71         73         88         81
   185:         76         72         84         81         80
   190:         73         85         75         71         74
   195:         77         79         73         85         84
   200:         66         82         84         67         89
   205:         85         75         96         80        102
   210:         96         94        108         88        107
   215:        103        109         88        105        101
   220:        101         89        101        105         94
   225:        105        111        107         99         95
   230:        109        111        112        102         88
   235:         86         95         98        104         94
   240:        100         96         92         94        104
   245:        109        100        111         69         97
   250:         81         82        103         95         99
   255:         91        103        103         96         79
   260:        100         89         94        110         73
   265:         80        118         71         92         76
   270:         75         78         86         83        108
   275:         74         95         83         71         89
   280:         93         78         91         94         75
   285:         78         78         91         92         79
   290:         85         80         65         81         77
   295:         82         81         86         82         58
   300:         94         91         66         76         58
   305:         80         65         86         73         63
   310:         60         67         82         77         73
   315:         70         81         77         81         89
   320:         67         59         63         75         68
   325:         71         66         76         61         54
   330:         63         69         65         65         70
   335:         79         70         67         75         67
   340:         77         83         73         66         66
   345:         77         73         52         60         78
   350:         82         74         74         57         73
   355:         72         68         76         64         57
   360:         68         62         64         76         70
   365:         79         63         73         69         69
   370:         59         65         61         71         71
   375:         49         66         68         71         61
   380:         67         80         66         59         57
   385:         68         72         58         63         52
   390:         60         50         61         66         59
   395:         48         54         50         63         54
   400:         63         47         59         63         49
   405:         56         49         49         37         42
   410:         49         39         45         45         48
   415:         36         46         45         46         31
   420:         49         40         31         37         35
   425:         44         32         47         43         34
   430:         27         34         28         25         24
   435:         37         37         21         29         30
   440:         26         17         33         23         26
   445:         21         23         26         24         20
   450:         19         31         28         22         24
   455:         16         19         21         19         29
   460:         23         23         20         16         21
   465:         19         17         27         24         14
   470:         29         21         30         24         24
   475:         16         25         13         25         26
   480:         13         31         12         23         15
   485:         17         19         27         25         20
   490:         16         24         21         25         23
   495:         11         23         14         20         15
   500:         23         20          9         19         18
   505:         24         20         20         13         20
   510:         21         23         13         18         18
   515:         19         22         25         23         20
   520:         30         16         14         27         15
   525:         18         20         21         30         21
   530:         20         24         26         25         34
   535:         27         27         30         32         21
   540:         31         41         34         38         25
   545:         30         38         41         46         32
   550:         47         48         42         55         47
   555:         60         64         62         60         73
   560:         66         86         74         90         90
   565:         83         93         99         97        125
   570:        114        101        128        117        135
   575:        137        144        132        141        158
   580:        165        172        172        198        184
   585:        160        185        189        200        225
   590:        201        203        216        234        251
   595:        239        272        254        249        268
   600:        261        267        291        276        310
   605:        308        278        302        303        266
   610:        312        280        270        313        296
   615:        290        310        265        296        345
   620:        290        300        293        297        267
   625:        278        282        274        269        278
   630:        276        282        252        245        232
   635:        243        224        234        228        227
   640:        200        223        189        169        174
   645:        192        170        153        173        148
   650:        146        148        140        132        109
   655:        128        123        110        105         91
   660:         91         90         80         87         72
   665:         85         69         55         63         59
   670:         49         45         53         35         49
   675:         28         39         43         39         30
   680:         27         21         19         24         21
   685:         12         17         21         19         22
   690:         21          9         18         11         21
   695:         16         16         17          8         11
   700:         17         15          6         13         16
   705:         13         11         18         10         14
   710:         10         15         10         14         10
   715:         11         14         15         15          9
   720:         13         12         10         14          7
   725:         15          7         14         12         13
   730:         11          9          7          7         18
   735:         10         10          6         10         10
   740:         14         10         10          8          7
   745:          8          9         15          9          6
   750:         11         11          7         18          5
   755:         10         10         10         17         13
   760:         11          6         12          7          7
   765:         11         10         16         11          8
   770:          8          9          7         12         13
   775:          6          8         11          7         11
   780:          8          9         10          8         16
   785:         11         10          8          6         16
   790:          7          9          7          8          9
   795:         20         13          7         10         19
   800:          7          9         10         16         11
   805:         19         14          9         13         11
   810:          8          6         18         13          8
   815:          4          9          5          7         10
   820:         10         12         14         21         13
   825:         16          7         14         10         15
   830:         11          7         17         11         13
   835:         13         14          9         11          8
   840:         10         14         11         12         14
   845:         15          8         12         10          9
   850:          7         16         13         10         10
   855:         11          6         13         10         11
   860:          8         10          8          6         11
   865:         15         12         12          9          8
   870:          8          7         18         17         12
   875:         10         10         10          8         10
   880:          8         12         16         13          8
   885:         11         12          9         10         15
   890:         11         12         11          8         10
   895:         10         13         14          9         12
   900:         18         14         13         10          8
   905:         13         12         17         19         11
   910:         15         14          7         14         16
   915:         14          6          9         10          8
   920:         10         16         23          7         18
   925:         14         13          7         13         16
   930:         10          9         17          9          7
   935:         10         13         12         16         16
   940:          8          9         13          8         20
   945:          9          9         12         10          6
   950:          6         11         13         13         12
   955:         15         16         11         10          9
   960:         17         12         15         14         13
   965:         11         18          6         17         14
   970:          4         10         10         10         10
   975:          5         12         14         11          8
   980:         10         12          7          8          8
   985:          8         13         13          7          9
   990:         14         12         10         13          7
   995:         13         11         12         10         12
  1000:         11          9         11         14         12
  1005:         14         14         17          9         13
  1010:          8         11         11         12         10
  1015:         18          6         13         13          9
  1020:         15         10          8         18          8
  1025:         21         11         15          5         12
  1030:         15         10          2          6         13
  1035:         16          8          9         13         12
  1040:         16         16         17         12         17
  1045:         18         15         10         14          7
  1050:         14         16         15         11         15
  1055:         13          9          7         12          8
  1060:          9         13         17         13         10
  1065:         15         13         17         12         16
  1070:         17         18         19         17         12
  1075:         12         12         10         12          8
  1080:         12          8         11          9          9
  1085:         10         14         15         14         10
  1090:          7         11         13         17          8
  1095:         12          9         12         12         12
  1100:         17          9         10         10         14
  1105:         12         11         10         18         13
  1110:          7          6         14          8         10
  1115:         16         14          8          9         11
  1120:         12         14          3         10         10
  1125:         15          8         11         16         17
  1130:         16         19          9         13          8
  1135:         18         10          6         11         17
  1140:         13          8          8         12         15
  1145:          9         12          8         19         13
  1150:          8          8         15         15         16
  1155:         13         11         10         12         15
  1160:         23         13         12         17         16
  1165:         16          8         14          7         12
  1170:         11         12          7         14         12
  1175:         20         16         12          8         10
  1180:         17         16         18          7         14
  1185:         18          8         13         10         11
  1190:          7          9         12         16         13
  1195:         14          7         10         15          7
  1200:         12         14          8         10          4
  1205:         12         14         10         14         11
  1210:          8         11          8         17          6
  1215:          7         10         10         12         14
  1220:          6         14          4          9         11
  1225:          7          9         18          7          8
  1230:         15         14         12         14         10
  1235:         13          7          8         10          8
  1240:          6          9         11         11          9
  1245:          7          4         11         10          9
  1250:          6          4          9          8          6
  1255:         10          6          7          7          9
  1260:          4          5          3          6          7
  1265:          7          6          9          4          5
  1270:          6          3         10          5         11
  1275:          4          6          8         10          2
  1280:          6          4          9          6          3
  1285:         11          7          2          2          6
  1290:          7          9          4          5          4
  1295:          7          4          6          7          6
  1300:          3          4          5          4          1
  1305:          4          4          5          4          4
  1310:          5          8          4          7         12
  1315:          5          8          7          1          5
  1320:          4          8          7          1          6
  1325:          2          4          3          5          3
  1330:          4          6          7          5          4
  1335:          5          8          4          7          3
  1340:          5          3          3          2          4
  1345:          6          2          4          8          6
  1350:          4          4          6          4          4
  1355:          5          6          1          7          3
  1360:          5          8          5          4          7
  1365:          2          3          8          7          3
  1370:         10          3          9          2          5
  1375:          9          7          6          8          1
  1380:          5          8         11         10          1
  1385:          8          7          6         10          6
  1390:          7          3         14          8          5
  1395:          8          7          8          4          7
  1400:         10         10         10          9          8
  1405:         10         14         13         10         13
  1410:         11         10         10          7         13
  1415:         14         17          9         12         12
  1420:         19         14         15         12          5
  1425:         12         16         14         10         11
  1430:         11         14         17          7         16
  1435:         14         18         11         22         20
  1440:         15         16         19         23         17
  1445:         16         21         16         21         23
  1450:         22         16         21         24         20
  1455:         21         22         24         12         11
  1460:         21         21         23         16         20
  1465:         18         13         22         29         23
  1470:         20         15         18         23         26
  1475:         20         29         24         23         19
  1480:         26         28         24         24         21
  1485:         27         25         19         26         26
  1490:         21         15         35         26         14
  1495:         15         19         21         23         17
  1500:         25         18         20         20         21
  1505:         22         26         23         11         24
  1510:         17         21         23         21         20
  1515:         21         16         21         14         24
  1520:         21         21         18         25         19
  1525:         22         22         19         15         16
  1530:         20         22         18         18         16
  1535:         19         16         14         15         19
  1540:         20         15         15         14         18
  1545:         13         21         14          9         18
  1550:          9         17         19         10         20
  1555:         14         14         11         12         13
  1560:         12          9         13         16         11
  1565:         11         11          6         11         10
  1570:          7          7          6          7          9
  1575:          8          5          7         10          9
  1580:         11          6         10         11          2
  1585:         12          4          2          6          6
  1590:          9          4          6          4          5
  1595:          7          7          4          4          1
  1600:          2          3          6          3          6
  1605:          3          4          3          3          6
  1610:          7          3          4          3          1
  1615:          2          1          4          2          5
  1620:          1          3          2          4          2
  1625:          1          5          2          7          6
  1630:          2          1          1          1          2
  1635:          1          2          2          3          1
  1640:          1          1          1          0          3
  1645:          3          0          3          4          5
  1650:          2          2          4          3          1
  1655:          4          4          2          1          1
  1660:          1          3          1          3          4
  1665:          2          3          5          3          2
  1670:          4          1          1          3          1
  1675:          2          3          1          2          1
  1680:          2          3          2          0          1
  1685:          7          5          2          6          1
  1690:          3          5          3          3          3
  1695:          0          1          1          4          6
  1700:          1          3          1          2          1
  1705:          0          4          1          3          0
  1710:          3          4          1          1          3
  1715:          4          3          1          1          1
  1720:          2          1          2          2          1
  1725:          0          2          2          2          1
  1730:          3          8          1          3          1
  1735:          2          4          0          1          2
  1740:          2          1          3          1          2
  1745:          1          2          1          1          2
  1750:          1          3          3          2          0
  1755:          3          3          2          3          2
  1760:          1          1          1          3          2
  1765:          3          2          3          0          1
  1770:          4          0          0          1          2
  1775:          4          1          3          1          1
  1780:          2          0          1          1          0
  1785:          2          0          2          4          6
  1790:          2          4          1          3          3
  1795:          0          6          2          0          1
  1800:          2          0          3          1          0
  1805:          2          0          0          1          1
  1810:          2          1          0          0          0
  1815:          0          2          2          3          2
  1820:          3          2          0          3          3
  1825:          0          1          2          2          2
  1830:          3          1          0          0          1
  1835:          2          1          0          1          0
  1840:          2          3          3          0          2
  1845:          0          0          0          1          2
  1850:          2          1          1          0          0
  1855:          0          2          1          1          0
  1860:          3          2          0          0          2
  1865:          2          0          0          0          0
  1870:          0          0          0          0          0
  1875:          0          0          0          0          0
  1880:          0          0          0          0          0
  1885:          0          0          0          0          0
  1890:          0          0          0          0          0
  1895:          0          0          0          0          1
  1900:          0          0          0          0          0
  1905:          0          0          0          0          0
  1910:          0          0          0          0          0
  1915:          0          0          0          0          0
  1920:          0          0          0          0          0
  1925:          0          0          0          0          0
  1930:          0          0          0          0          0
  1935:          0          0          0          0          0
  1940:          0          0          0          0          0
  1945:          0          0          0          0          0
  1950:          0          0          0          0          0
  1955:          0          0          0          0          0
  1960:          0          0          0          0          0
  1965:          0          0          0          0          0
  1970:          0          0          0          0          0
  1975:          0          0          0          0          0
  1980:          0          0          0          0          0
  1985:          0          0          0          0          0
  1990:          0          0          0          0          0
  1995:          0          0          0          0          0
  2000:          0          0          0          0          0
  2005:          0          0          0          0          0
  2010:          0          0          0          0          0
  2015:          0          0          0          0          0
  2020:          0          0          0          0          0
  2025:          0          0          0          0          0
  2030:          0          0          0          0          0
  2035:          0          0          0          0          0
  2040:          0          0          0          0          0
  2045:          0          0          0
