ACQUISITION INFORMATION

Detector ID:  1
Detector description:
COS12ZBPR3 Easy-MCA-2k SN 16145344
Sample description:
Background
Real Time:  150.039997
Live Time:  149.699997
Acquisition start date:  20Feb2024
Acquisition start time:  11:44:39
Starting channel number:   0
Number of channels:   2048


CALIBRATION INFORMATION

ENERGY CALIBRATION
Units:
Energy Fit:  0.000000E+000  8.379747E-001  0.000000E+000
FWHM Fit:  0.000000E+000  0.000000E+000  0.000000E+000
Efficiency Terms:  0.000000  0.000000  0.000000  0.000000  0.000000
  0.000000  0.000000  0.000000  0.000000  0.000000


SPECTRUM
     0:          0          0          0          0          0
     5:         20         81         78         78         83
    10:         69         74         83         89         79
    15:         79         79         69         52         83
    20:         90         81         78         81         98
    25:         71         92         80         64         91
    30:         81        108         92         88         98
    35:        105         96        101        122         95
    40:         98         96        100         76         89
    45:        101         77         74         72         86
    50:         85         87         73         73         89
    55:         80         89         85         81         83
    60:         76         84         68         91         81
    65:         78         80         66         86         80
    70:         78         72         93         89         86
    75:         70         84         64         78         79
    80:         87         84         76         85         96
    85:         77         63        100         92        101
    90:         87         91         86         84         82
    95:         99         97         90         75         82
   100:         90         87         97         89         91
   105:         79         80         85         72         91
   110:         85        101         76         75         84
   115:         84         78         91         73         67
   120:         72         71         64         78         66
   125:         97         80         82         75         74
   130:         68         78         62         73         80
   135:         61         68         81         75         84
   140:         82         70         72         96         70
   145:         71         76         73         90         68
   150:         87         73         75         77         81
   155:         76         77         64         73         86
   160:         82         69         74         70         92
   165:         94         78         80         77         78
   170:         75         60         97         78         80
   175:         74         87         80         75         96
   180:         77         86         60         80         70
   185:         75         68         77         74         76
   190:         73         79         69         86         78
   195:         75         75         75         73         81
   200:         85        102         83         94         85
   205:         87         86         74        104         87
   210:         95        102         91         93         94
   215:         85        100        111         91         98
   220:         86        104        123        110         95
   225:         93         94         83        121         94
   230:         97        100         95        101         85
   235:         85         96         85        104         96
   240:        120        105         78         95         90
   245:         93         81         86         94         92
   250:         80        100         80         99         91
   255:         79         99         94         93         89
   260:        106         81         83         87         89
   265:         96         84         79         79        100
   270:        104         98         55         88         96
   275:         78         94         76         71         91
   280:         73         75         68         81         81
   285:         75         77         80         90         67
   290:         88         93         83         88         89
   295:         83         92         74         81         75
   300:         89         63         72         92         76
   305:         86         68         67         73         81
   310:         81         84         64         55         75
   315:         61         80         72         71         81
   320:         76         70         64         63         64
   325:         46         67         68         66         57
   330:         55         57         74         71         81
   335:         73         66         75         79         70
   340:         73         79         76         63         64
   345:         71         63         70         63         72
   350:         73         75         68         60         58
   355:         61         69         62         56         60
   360:         74         79         84         70         79
   365:         70         56         77         61         66
   370:         65         69         75         69         61
   375:         64         76         76         84         58
   380:         68         89         68         62         75
   385:         64         64         62         58         56
   390:         65         62         68         60         54
   395:         57         60         60         44         57
   400:         63         62         53         52         50
   405:         53         40         44         47         61
   410:         47         47         48         45         52
   415:         40         43         42         38         36
   420:         40         37         41         41         40
   425:         36         23         30         28         32
   430:         32         45         37         31         24
   435:         33         39         30         31         27
   440:         28         29         23         37         25
   445:         26         20         37         20         20
   450:         23         20         18         26         22
   455:         24         24         21         21         20
   460:         24         24         21         18         20
   465:         22         26         19         27         21
   470:         12         28         23         22          9
   475:         17         17         14         11         27
   480:         13         16         19         16         25
   485:         18         20         24         15         20
   490:         17         19         12         16         13
   495:         19         22         16         18         15
   500:         17         17         16         17         14
   505:         17          9         19         17         25
   510:         21         13         24         27         19
   515:         18         23         23         21         18
   520:         25         17         23         15         21
   525:         28         20         32         22         23
   530:         30         33         33         18         25
   535:         25         36         23         25         35
   540:         26         27         40         33         35
   545:         35         41         46         37         42
   550:         53         45         58         58         49
   555:         64         50         69         63         75
   560:         72         75         77         80         79
   565:         89         94        101        127        108
   570:        120        108        101        110        149
   575:        120        130        130        166        142
   580:        138        155        162        190        185
   585:        185        180        182        175        206
   590:        225        202        236        220        212
   595:        244        263        250        264        242
   600:        278        257        264        256        265
   605:        277        280        298        270        261
   610:        279        294        289        275        309
   615:        298        286        296        298        302
   620:        320        300        319        319        299
   625:        254        285        272        263        280
   630:        267        230        231        229        226
   635:        254        223        246        212        214
   640:        193        202        171        197        179
   645:        203        179        168        138        157
   650:        158        147        147        137        124
   655:        117        112        117        106        102
   660:         81         81         90         80         82
   665:         65         58         62         61         61
   670:         64         47         44         43         35
   675:         38         33         38         36         33
   680:         32         32         34         19         28
   685:         27         27         25         20         12
   690:         24         17         27         16         16
   695:         10         12         11         12         11
   700:         20          9         13         13         22
   705:         10          8         16         11          7
   710:         12         11         18         16         13
   715:          4         14         10         12         14
   720:          8         11          9         13          9
   725:          8         11         13         18         11
   730:         10          8          9          7         11
   735:         14          9          7         12          9
   740:         14          8          9         14          9
   745:         22         15          6         15         14
   750:         12         12          9         10         11
   755:         14         10         11         13         13
   760:         13         11          8         16         10
   765:         18         12         17          4         14
   770:         12         16          7          9          7
   775:         14         12         10         11         14
   780:         14         11          9         10         11
   785:          8          7         13         13          7
   790:         12         11         12          7         13
   795:         14         12         18         10         10
   800:         12          7         10         10         13
   805:         12         15         11         12         11
   810:         11         19          6         11         12
   815:         17         13         11         13         13
   820:         18         13          6         13         14
   825:         16          9          8          9         10
   830:         11         14          3         24         14
   835:         16         15         14          8         10
   840:          7         16         15          7          9
   845:         17         15          9          6         13
   850:         10         13         17         10         12
   855:         11          7         11         16         18
   860:         12          7         13         16         10
   865:         14          9         10         12         14
   870:          8         14         11          8         11
   875:         18          5         11          5         13
   880:          7          9          7         18          7
   885:         10         11          9          8          4
   890:          7         10          8         13          8
   895:         16          7         13         14         13
   900:          8         12         12         10          6
   905:         17         15         17         10         10
   910:         11         12         10         18         11
   915:          9          7          7          4         10
   920:         14         14         13         12          7
   925:         16          9         12          7         12
   930:         18         11          9          8         11
   935:          9          7         11         13          4
   940:         10         11          8         17          5
   945:         12         14         14         15         14
   950:          8         14          7         11         11
   955:          6          8         10          7         11
   960:          7         16         13          9          3
   965:          7         12         11         19         13
   970:         18         15          7          9         10
   975:         10         12         11         15         13
   980:         10         15          8          7         12
   985:          9         12         10          8         13
   990:          9          7         10         15          7
   995:         10          7         19          8         13
  1000:          4         18         12         12         11
  1005:         11          9          6         13         10
  1010:          9         14         14         11          9
  1015:          7         10         12         18          9
  1020:         11         15          5         18         14
  1025:         10         11         11         18         10
  1030:          9          9         10          7          9
  1035:         13          9         14         14          9
  1040:          9         11         18         10         12
  1045:         11         12         16         16         12
  1050:         10         12         17         11          9
  1055:         13         20         10         19         11
  1060:         10         14         11          9          9
  1065:         14         13         16          9         13
  1070:         16         17         10         18          9
  1075:         10         17         14         15         14
  1080:         10         10          8         13         17
  1085:          9         14         10         10         18
  1090:          8         13          9         13         14
  1095:         19         15          9         11         13
  1100:          6         10         17         16         14
  1105:         16          8         12         13         17
  1110:         11         10         13         13         18
  1115:         17         10         15         12         14
  1120:         18         19          9         15         12
  1125:         15         17         15         17         12
  1130:          6         10         10          9          9
  1135:         10         12         16          7         23
  1140:         11         11         13         13          7
  1145:         13         15         12          9         10
  1150:         15         17          8         17         14
  1155:         20         13          9         14         14
  1160:          8          7          5          6         14
  1165:         11          8         14         10         13
  1170:         14          7         14          7         10
  1175:         19         13         17         10          8
  1180:         13          7         12         11          8
  1185:         10         15         14         10         11
  1190:         19         12          9         21         11
  1195:         12         13          7         13         12
  1200:         12          9          7         10          7
  1205:         16         12         11          9         15
  1210:          6         12         10         16          5
  1215:         19         14         12         16         10
  1220:          8          9         10         10         14
  1225:         13          8         12          7         10
  1230:         14         10          8         11         10
  1235:         10          4         11         10          5
  1240:          6         10          7         10         12
  1245:         11         12          6          5         11
  1250:         11          5         11          5         13
  1255:         11          2          6          9          7
  1260:          6          6         15          6          2
  1265:          9          8          5          4          2
  1270:          6          4          7          6         11
  1275:          4          6          5          7          6
  1280:          5          5          6          8          6
  1285:          5          4          6          6          6
  1290:          3          5          4          7          1
  1295:         16          3          6          7          4
  1300:          6          1          3          7          4
  1305:          4          6          1          6          6
  1310:          7          4          6          5          2
  1315:          5          5          4          6          5
  1320:          3          6          2          6          3
  1325:          1          9          4          9          5
  1330:          5          7          3          2          2
  1335:          7          5          3          2          6
  1340:          2          6          0          6          4
  1345:          3          0          7          6          9
  1350:          5          7          8          2          5
  1355:          2          5          2          3          4
  1360:          7          5          4          7          7
  1365:          3          7          3          4          5
  1370:          3          7          5          6         10
  1375:         11          8          7          5          4
  1380:          3          7          7         11          6
  1385:         10          5          7          3          3
  1390:          6          5          8          8         11
  1395:          9          9          3          7          6
  1400:          4         14          6          2         14
  1405:          8         10         11         10         19
  1410:          6          8          9          4         14
  1415:         10          9         12         11         14
  1420:         20         17         22          8         13
  1425:         14         11         22          9         17
  1430:         12          4         10          8         13
  1435:         17         21         14         18         17
  1440:         17         19         17         19         13
  1445:         20         21         16         21         25
  1450:         25         12         21         22         36
  1455:         22         20         22         19         21
  1460:         20         27         17         27         20
  1465:         22         24         28         21         17
  1470:         22         19         28         19         24
  1475:         29         23         28         15         16
  1480:         23         26         20         14         19
  1485:         29         19         28         25         19
  1490:         20         25         22         19         25
  1495:         20         23         21         13         31
  1500:         27         14         16         26         24
  1505:         26         14         34         21         24
  1510:         21         22         26         27         23
  1515:         19         15         24         17         19
  1520:         16         16         21         27         21
  1525:         17         23         23         25         19
  1530:         26         18         14         17         15
  1535:         19         16         22         25         25
  1540:         17         21         11         28         18
  1545:         13         19         13         16         21
  1550:         13         19         10         17         16
  1555:         22         12         14         20          9
  1560:         14         12         20          8         12
  1565:         12         10         12         11         10
  1570:          6          8          4          6          8
  1575:          7          7          9          7          8
  1580:          5          5          9          8          6
  1585:          5         11          7          4          5
  1590:          6          6         10          3          2
  1595:          3          7          7          5          3
  1600:          3          6          3          3         10
  1605:          5          2          5          4          1
  1610:          2          5          5          1          1
  1615:          2          5          0          3          4
  1620:          3          4          2          3          0
  1625:          5          0          4          3          2
  1630:          0          6          1          2          1
  1635:          6          0          2          2          3
  1640:          1          3          6          2          0
  1645:          1          0          1          4          1
  1650:          1          6          2          3          3
  1655:          2          0          2          1          0
  1660:          1          2          2          4          1
  1665:          2          2          3          1          2
  1670:          3          0          4          0          2
  1675:          1          2          2          1          0
  1680:          2          2          3          3          1
  1685:          0          4          2          3          2
  1690:          4          0          0          1          1
  1695:          2          1          1          2          2
  1700:          0          4          0          0          4
  1705:          1          0          2          3          2
  1710:          4          1          3          6          0
  1715:          2          1          2          1          0
  1720:          3          1          2          1          2
  1725:          2          0          2          1          1
  1730:          4          3          2          2          1
  1735:          2          1          3          2          1
  1740:          4          2          0          3          2
  1745:          3          2          4          0          0
  1750:          3          3          4          2          2
  1755:          3          3          0          1          3
  1760:          3          4          5          3          1
  1765:          2          0          2          1          2
  1770:          2          1          1          2          0
  1775:          2          2          1          0          0
  1780:          3          0          1          1          2
  1785:          3          2          4          1          2
  1790:          2          0          1          4          0
  1795:          1          0          1          2          4
  1800:          1          1          3          1          2
  1805:          4          3          6          0          2
  1810:          2          1          1          0          1
  1815:          2          0          3          1          4
  1820:          2          0          2          2          1
  1825:          1          1          3          1          1
  1830:          0          1          2          0          1
  1835:          1          2          1          1          1
  1840:          1          5          1          3          1
  1845:          1          2          1          1          3
  1850:          2          1          1          3          2
  1855:          2          2          0          0          1
  1860:          3          0          3          3          0
  1865:          1          0          0          0          0
  1870:          0          0          0          0          0
  1875:          0          0          0          0          0
  1880:          0          0          0          0          0
  1885:          0          0          0          0          0
  1890:          0          0          0          0          0
  1895:          0          0          0          0          0
  1900:          0          0          0          0          0
  1905:          0          0          0          0          0
  1910:          0          0          0          0          0
  1915:          0          0          0          0          0
  1920:          0          0          0          0          0
  1925:          0          0          0          0          0
  1930:          0          0          0          0          0
  1935:          0          0          0          0          0
  1940:          0          0          0          0          0
  1945:          0          0          0          0          0
  1950:          0          0          0          0          0
  1955:          0          0          0          0          0
  1960:          0          0          0          0          0
  1965:          0          0          0          0          0
  1970:          0          0          0          0          0
  1975:          0          0          0          0          0
  1980:          0          0          0          0          0
  1985:          0          0          0          0          0
  1990:          0          0          0          0          0
  1995:          0          0          0          0          0
  2000:          0          0          0          0          0
  2005:          0          0          0          0          0
  2010:          0          0          0          0          0
  2015:          0          0          0          0          0
  2020:          0          0          0          0          0
  2025:          0          0          0          0          0
  2030:          0          0          0          0          0
  2035:          0          0          0          0          0
  2040:          0          0          0          0          0
  2045:          0          0          0
