ACQUISITION INFORMATION

Detector ID:  1
Detector description:
COS12ZBPR3 Easy-MCA-2k SN 16145344
Sample description:
Background
Real Time:  62.179999
Live Time:  61.899999
Acquisition start date:  20Feb2024
Acquisition start time:  13:08:47
Starting channel number:   0
Number of channels:   2048


CALIBRATION INFORMATION

ENERGY CALIBRATION
Units:
Energy Fit:  0.000000E+000  8.379747E-001  0.000000E+000
FWHM Fit:  0.000000E+000  0.000000E+000  0.000000E+000
Efficiency Terms:  0.000000  0.000000  0.000000  0.000000  0.000000
  0.000000  0.000000  0.000000  0.000000  0.000000


SPECTRUM
     0:          0          0          0          0          0
     5:         22        152         93         78         46
    10:         58         61         64         68         73
    15:         57         73         54         60         57
    20:         59         75         60         70         55
    25:         74         53         78         58         60
    30:         69         70         63        100         74
    35:         74         80         88         86         88
    40:         69         85         55         62         60
    45:         62         62         84         63         72
    50:         72         68         56         60         72
    55:         65         61         51         80         78
    60:         71         69         60         68         66
    65:         56         63         59         59         69
    70:         69         48         58         60         89
    75:         82         73         68         62         76
    80:         83         78         88         80         88
    85:         90        101        110         76         88
    90:         99         99         97        116        135
    95:        129        114        126        126        103
   100:        106        105         99         90        101
   105:        109        105         72         96         87
   110:         79        103         83         92         89
   115:         78         88         86         68         69
   120:         89         63         83         65         74
   125:         63         53         75         70         76
   130:         68         62         65         55         74
   135:         69         73         70         65         62
   140:         51         67         50         51         55
   145:         71         51         72         62         58
   150:         74         47         67         64         62
   155:         73         71         70         59         68
   160:         75         45         73         54         61
   165:         70         70         66         61         82
   170:         58         69         62         55         68
   175:         55         63         59         75         51
   180:         61         67         73         74         61
   185:         70         51         79         61         59
   190:         64         76         78         72         65
   195:         68         67         65         55         58
   200:         65         72         66         63         81
   205:         81         70         64         78         79
   210:         68         81         87         56         71
   215:         94         73         73         72         64
   220:         81         92         87         62         87
   225:         96         71         82        106         90
   230:         89         83         78        103         78
   235:         82         79         78         81        108
   240:        100         94         86         98         96
   245:         95         95         91         80         89
   250:         90         96         96         87         69
   255:         91         83         81         89         74
   260:         76         77         77         81         68
   265:         70         64         72         84         82
   270:         88         76         74         63         86
   275:         63         63         72         76         80
   280:         74         67         76         71         73
   285:         74         78         68         74         84
   290:         77         70         64         76         65
   295:         72         68         75         73         67
   300:         71         64         63         59         83
   305:         70         72         78         67         66
   310:         60         73         76         61         73
   315:         51         66         61         45         58
   320:         64         67         63         70         58
   325:         86         75         62         70         50
   330:         75         61         69         66         70
   335:         73         63         57         51         58
   340:         64         68         88         56         61
   345:         61         75         68         44         75
   350:         72         66         64         74         74
   355:         69         41         54         70         65
   360:         62         51         59         67         78
   365:         44         75         63         59         69
   370:         63         59         49         56         60
   375:         48         63         59         69         70
   380:         60         49         58         61         58
   385:         55         69         69         65         56
   390:         62         60         63         48         61
   395:         58         48         57         59         53
   400:         70         41         62         58         52
   405:         67         55         51         58         57
   410:         70         64         69         68         63
   415:         58         57         59         52         60
   420:         59         66         53         49         59
   425:         64         50         48         49         51
   430:         59         53         60         66         66
   435:         53         46         47         42         59
   440:         64         62         45         65         47
   445:         47         65         58         49         65
   450:         55         60         74         48         57
   455:         54         48         64         62         58
   460:         39         68         68         57         47
   465:         53         58         50         51         53
   470:         58         53         57         55         66
   475:         60         57         66         68         54
   480:         62         64         59         55         53
   485:         61         68         57         61         61
   490:         58         52         51         69         67
   495:         59         68         61         52         63
   500:         66         47         65         53         62
   505:         62         58         64         61         75
   510:         58         60         59         58         66
   515:         59         59         65         70         60
   520:         54         56         59         60         56
   525:         57         62         59         52         63
   530:         55         45         52         42         55
   535:         51         58         59         48         65
   540:         47         58         47         55         52
   545:         66         55         51         63         41
   550:         54         45         43         51         53
   555:         37         34         40         52         35
   560:         38         33         37         45         41
   565:         40         29         32         32         38
   570:         35         37         29         37         26
   575:         28         36         32         22         24
   580:         31         26         26         24         24
   585:         19         19         19         20         24
   590:         29         21         18         22         25
   595:         19         27         23         18         17
   600:         20         14         15         23         18
   605:         14         16         26         19         16
   610:         17         24         17         22         17
   615:          8         18         13         14         19
   620:          8         14         15         18         16
   625:         10         17         17         10          7
   630:         11         20         15         11         14
   635:          9         17         12         14          9
   640:         16          8         17         11         12
   645:          6         15          6         13          9
   650:         11         12          7         11         11
   655:         12          7         11         10          1
   660:         15          8         14         13         12
   665:         10          7          8          7         14
   670:         13          8         13         11          6
   675:          8         12          7         18         13
   680:         13         12         11          8         23
   685:         11         11         14         15         20
   690:         16         20         17         23         20
   695:         20         24         20         14         21
   700:         13         20         21         20         28
   705:         25         24         25         32         30
   710:         31         32         28         27         36
   715:         47         34         38         39         41
   720:         54         56         50         47         55
   725:         59         56         54         56         66
   730:         64         63         69         76         75
   735:         87         80         84         73        102
   740:         80         69         94        136         92
   745:        107        104        104        128        121
   750:        116        128        117        140        126
   755:        136        121        140        152        132
   760:        151        156        166        145        150
   765:        152        158        169        173        177
   770:        181        185        181        208        193
   775:        194        167        204        180        174
   780:        198        192        210        212        218
   785:        207        197        200        186        207
   790:        220        183        212        183        197
   795:        201        227        209        184        188
   800:        188        191        187        180        189
   805:        214        184        194        162        171
   810:        175        178        135        169        173
   815:        156        168        153        141        142
   820:        122        130        144        144        109
   825:        121        108        120        121        122
   830:        119         87         94         96         80
   835:         87         65         87         73         64
   840:         62         58         72         67         67
   845:         60         49         45         49         35
   850:         39         38         29         28         29
   855:         29         28         34         22         27
   860:         13         13         21         13         20
   865:         20         20         11          8          9
   870:         14         19          7          8         12
   875:          9          2          6          9          2
   880:          3          3          5          4          1
   885:          2          4          0          4          0
   890:          4          2          1          1          1
   895:          1          1          1          1          1
   900:          1          0          0          0          0
   905:          0          0          0          0          0
   910:          0          0          0          0          1
   915:          0          1          0          0          0
   920:          0          0          0          0          0
   925:          0          0          0          0          0
   930:          0          0          0          1          0
   935:          0          0          2          0          0
   940:          0          0          0          0          0
   945:          0          0          0          0          0
   950:          0          1          0          0          0
   955:          0          0          0          0          0
   960:          0          0          0          0          0
   965:          0          0          0          0          0
   970:          0          0          0          0          0
   975:          0          0          0          0          0
   980:          0          0          0          0          0
   985:          0          0          0          0          0
   990:          0          0          0          0          0
   995:          0          0          0          0          0
  1000:          0          0          0          0          1
  1005:          1          0          0          0          0
  1010:          0          0          0          0          0
  1015:          0          0          0          0          0
  1020:          0          0          0          0          0
  1025:          0          0          0          0          0
  1030:          0          0          1          0          0
  1035:          0          0          0          0          0
  1040:          0          0          0          0          0
  1045:          0          0          0          1          0
  1050:          1          0          1          0          0
  1055:          0          0          0          0          0
  1060:          0          0          0          0          0
  1065:          0          0          0          0          0
  1070:          0          0          0          0          0
  1075:          0          0          0          0          1
  1080:          1          0          0          0          0
  1085:          0          0          0          0          1
  1090:          0          0          0          0          0
  1095:          0          0          0          0          0
  1100:          0          0          0          0          0
  1105:          0          0          1          0          0
  1110:          0          0          0          0          0
  1115:          0          0          0          0          0
  1120:          0          0          0          0          0
  1125:          0          0          0          0          0
  1130:          0          1          0          0          0
  1135:          0          0          0          0          0
  1140:          0          0          0          0          0
  1145:          0          0          0          0          0
  1150:          0          0          0          0          0
  1155:          1          0          1          0          0
  1160:          0          0          0          0          0
  1165:          0          0          0          0          0
  1170:          0          0          0          0          0
  1175:          0          0          0          0          0
  1180:          0          0          0          0          0
  1185:          1          0          0          0          0
  1190:          0          0          0          0          0
  1195:          0          0          0          0          0
  1200:          0          0          0          0          0
  1205:          0          0          0          0          0
  1210:          0          0          0          0          0
  1215:          0          0          0          0          0
  1220:          0          0          0          0          0
  1225:          0          0          1          0          0
  1230:          0          0          0          0          0
  1235:          0          0          0          0          0
  1240:          0          0          0          0          0
  1245:          0          0          0          0          0
  1250:          0          0          0          0          0
  1255:          0          0          0          0          1
  1260:          0          0          0          0          0
  1265:          0          0          0          0          0
  1270:          0          0          0          0          0
  1275:          0          0          0          0          0
  1280:          0          0          0          0          0
  1285:          0          0          0          0          0
  1290:          0          0          0          0          0
  1295:          0          0          0          0          0
  1300:          1          0          0          0          0
  1305:          0          0          0          0          0
  1310:          0          0          1          0          0
  1315:          0          0          0          0          0
  1320:          0          0          0          0          0
  1325:          0          0          0          0          0
  1330:          0          0          0          0          0
  1335:          0          0          0          0          0
  1340:          0          0          0          0          0
  1345:          0          0          0          0          0
  1350:          0          0          0          0          0
  1355:          0          0          0          0          0
  1360:          0          0          0          0          0
  1365:          0          0          0          0          0
  1370:          0          0          0          0          0
  1375:          0          0          0          0          0
  1380:          0          0          0          0          1
  1385:          0          0          0          0          0
  1390:          0          0          0          0          0
  1395:          0          0          0          0          0
  1400:          0          0          0          0          0
  1405:          0          0          0          0          0
  1410:          0          0          0          0          0
  1415:          0          0          0          0          0
  1420:          0          0          0          0          0
  1425:          0          0          0          0          0
  1430:          0          0          0          1          1
  1435:          0          0          0          0          0
  1440:          0          0          0          0          0
  1445:          0          1          0          0          0
  1450:          0          0          0          0          0
  1455:          0          0          0          0          0
  1460:          0          0          0          0          0
  1465:          0          0          0          0          0
  1470:          0          0          0          0          0
  1475:          0          0          0          0          0
  1480:          0          0          0          0          0
  1485:          0          0          0          0          0
  1490:          0          0          0          0          0
  1495:          0          0          0          0          0
  1500:          0          0          0          0          0
  1505:          0          0          0          0          0
  1510:          0          0          0          0          0
  1515:          0          0          0          0          0
  1520:          0          0          0          0          0
  1525:          0          0          0          0          0
  1530:          0          0          0          0          0
  1535:          0          0          0          0          0
  1540:          0          0          0          0          0
  1545:          0          0          0          0          0
  1550:          0          0          0          0          0
  1555:          0          0          0          0          0
  1560:          0          0          0          0          0
  1565:          0          0          0          0          0
  1570:          0          0          0          0          0
  1575:          1          0          0          0          0
  1580:          0          1          0          0          0
  1585:          0          0          0          0          0
  1590:          0          0          0          0          0
  1595:          0          0          0          0          0
  1600:          0          0          0          0          0
  1605:          0          0          0          0          0
  1610:          1          0          0          0          0
  1615:          0          0          0          0          0
  1620:          0          0          0          0          0
  1625:          0          0          0          1          0
  1630:          0          0          0          0          0
  1635:          0          0          0          0          0
  1640:          0          0          0          0          0
  1645:          0          0          0          0          0
  1650:          0          0          0          0          0
  1655:          0          0          0          0          0
  1660:          0          0          0          0          0
  1665:          0          0          0          0          0
  1670:          0          0          0          0          0
  1675:          0          0          0          0          0
  1680:          0          0          0          0          0
  1685:          0          0          0          0          0
  1690:          0          0          0          0          0
  1695:          0          0          0          0          0
  1700:          0          0          0          0          0
  1705:          0          0          0          0          0
  1710:          0          0          0          0          0
  1715:          0          0          0          0          0
  1720:          0          0          0          0          0
  1725:          0          0          0          0          0
  1730:          0          0          0          0          0
  1735:          0          0          0          0          0
  1740:          0          0          0          0          0
  1745:          0          0          0          0          0
  1750:          0          0          0          0          0
  1755:          0          0          0          0          0
  1760:          0          0          0          0          0
  1765:          0          0          0          0          0
  1770:          0          0          0          0          0
  1775:          0          0          0          0          0
  1780:          0          0          0          0          0
  1785:          0          0          0          0          0
  1790:          0          0          0          0          0
  1795:          0          0          0          0          0
  1800:          0          0          0          0          0
  1805:          0          0          0          0          0
  1810:          0          0          0          0          0
  1815:          0          0          0          0          0
  1820:          1          0          0          0          0
  1825:          0          0          0          0          0
  1830:          0          0          0          0          0
  1835:          0          0          1          0          0
  1840:          0          0          0          0          0
  1845:          0          0          0          0          0
  1850:          0          0          0          0          0
  1855:          0          0          0          0          0
  1860:          0          0          0          0          0
  1865:          0          0          0          0          0
  1870:          0          0          0          0          0
  1875:          0          0          0          0          0
  1880:          0          0          0          0          0
  1885:          0          0          0          0          0
  1890:          0          0          0          0          0
  1895:          0          0          0          0          0
  1900:          0          0          0          0          0
  1905:          0          0          0          0          0
  1910:          0          0          0          0          0
  1915:          0          0          0          0          0
  1920:          0          0          0          0          0
  1925:          0          0          0          0          0
  1930:          0          0          0          0          0
  1935:          0          0          0          0          0
  1940:          0          0          0          0          0
  1945:          0          0          0          0          0
  1950:          0          0          0          0          0
  1955:          0          0          0          0          0
  1960:          0          0          0          0          0
  1965:          0          0          0          0          0
  1970:          0          0          0          0          0
  1975:          0          0          0          0          0
  1980:          0          0          0          0          0
  1985:          0          0          0          0          0
  1990:          0          0          0          0          0
  1995:          0          0          0          0          0
  2000:          0          0          0          0          0
  2005:          0          0          0          0          0
  2010:          0          0          0          0          0
  2015:          0          0          0          0          0
  2020:          0          0          0          0          0
  2025:          0          0          0          0          0
  2030:          0          0          0          0          0
  2035:          0          0          0          0          0
  2040:          0          0          0          0          0
  2045:          0          0          0
