ACQUISITION INFORMATION

Detector ID:  1
Detector description:
COS12ZBPR3 Easy-MCA-2k SN 16145344
Sample description:
Background
Real Time:  64.919999
Live Time:  64.739999
Acquisition start date:  20Feb2024
Acquisition start time:  12:56:29
Starting channel number:   0
Number of channels:   2048


CALIBRATION INFORMATION

ENERGY CALIBRATION
Units:
Energy Fit:  0.000000E+000  8.379747E-001  0.000000E+000
FWHM Fit:  0.000000E+000  0.000000E+000  0.000000E+000
Efficiency Terms:  0.000000  0.000000  0.000000  0.000000  0.000000
  0.000000  0.000000  0.000000  0.000000  0.000000


SPECTRUM
     0:          0          0          0          0          0
     5:          8         42         24         38         46
    10:         40         38         36         29         43
    15:         34         45         27         41         35
    20:         33         39         33         30         41
    25:         52         49         49         41         48
    30:         56         46         43         64         56
    35:         47         57         57         53         47
    40:         57         57         59         59         39
    45:         41         43         37         44         42
    50:         34         54         50         44         28
    55:         58         56         46         49         39
    60:         69         53         40         45         42
    65:         39         34         55         34         42
    70:         50         49         35         43         53
    75:         46         45         47         48         56
    80:         52         51         53         57         58
    85:         65         55         78         57         71
    90:         58         70         75         95         72
    95:        102         71         87         79         72
   100:         86         75         57         77         66
   105:         68         64         73         60         53
   110:         53         63         58         47         62
   115:         58         49         47         43         58
   120:         51         40         34         29         49
   125:         46         44         32         47         42
   130:         45         45         40         50         49
   135:         33         41         47         48         49
   140:         50         42         52         32         31
   145:         46         37         40         36         44
   150:         39         40         32         42         40
   155:         36         38         46         47         48
   160:         31         40         45         41         37
   165:         43         42         42         37         41
   170:         45         45         35         37         35
   175:         51         35         42         33         44
   180:         50         34         42         42         44
   185:         49         36         31         47         40
   190:         42         39         33         48         42
   195:         37         42         41         54         45
   200:         43         57         49         34         50
   205:         42         52         47         58         38
   210:         65         52         36         52         40
   215:         46         51         55         45         47
   220:         61         56         49         50         62
   225:         57         39         64         57         69
   230:         50         45         59         54         64
   235:         66         56         56         72         62
   240:         59         67         55         58         57
   245:         43         54         49         59         48
   250:         49         51         70         52         66
   255:         48         50         55         47         51
   260:         34         58         51         54         40
   265:         43         53         47         54         57
   270:         37         46         38         61         55
   275:         54         47         37         39         42
   280:         41         44         38         40         38
   285:         46         31         35         35         38
   290:         34         42         33         55         54
   295:         35         32         46         32         46
   300:         46         35         54         32         43
   305:         42         40         36         41         42
   310:         35         38         44         51         37
   315:         37         45         31         34         50
   320:         40         46         46         39         37
   325:         44         41         23         36         43
   330:         33         45         39         32         41
   335:         33         41         35         39         46
   340:         42         39         38         32         35
   345:         33         40         33         31         32
   350:         45         30         28         32         32
   355:         39         39         53         41         50
   360:         24         41         39         37         47
   365:         22         32         40         30         43
   370:         41         40         43         29         41
   375:         36         32         36         33         40
   380:         35         38         39         33         33
   385:         37         30         42         42         36
   390:         41         28         32         38         27
   395:         30         36         27         39         29
   400:         37         40         31         36         37
   405:         27         48         37         38         42
   410:         31         38         36         44         37
   415:         30         37         37         33         31
   420:         27         26         31         47         29
   425:         28         32         40         37         45
   430:         34         32         38         40         26
   435:         26         31         36         23         34
   440:         35         28         35         34         36
   445:         37         32         41         34         26
   450:         38         28         33         29         40
   455:         39         34         34         32         32
   460:         45         34         36         36         45
   465:         36         31         29         33         38
   470:         36         37         39         25         37
   475:         36         30         30         27         36
   480:         27         42         47         30         38
   485:         32         37         28         47         29
   490:         38         43         36         37         42
   495:         35         41         33         25         32
   500:         33         38         45         41         32
   505:         38         32         34         36         38
   510:         36         34         47         38         41
   515:         26         54         39         35         50
   520:         41         27         38         39         38
   525:         30         47         43         39         36
   530:         46         32         35         37         50
   535:         37         43         40         45         44
   540:         46         40         33         31         40
   545:         31         40         36         34         50
   550:         33         25         27         22         41
   555:         27         31         32         21         27
   560:         29         30         23         26         23
   565:         25         28         25         18         12
   570:         27         23         18         29         22
   575:         12         21         24         24         22
   580:         24         20         22         23         22
   585:         26         16         13         25         16
   590:         19         20         13         18         13
   595:         20         12         20         20         12
   600:         19         17         20          8         18
   605:         16         20         19         21         11
   610:         17         11         14         16         23
   615:         15         17         18         14         13
   620:         10         20         15         14         14
   625:         21         13          8         11         19
   630:         14         11         19         16         11
   635:         11         15          8          8         11
   640:         10          8         11         10         18
   645:         15         13         12         12         14
   650:         15         14         13         16         17
   655:         10         14          7         13         12
   660:         11         14         13         14         15
   665:          8         13         11         12         16
   670:         13         17         16         17         15
   675:         19         11         12          9         15
   680:         10          6         14         22         14
   685:          7         15         10         15         16
   690:         23         17         16         19          9
   695:         22         16         15         18         18
   700:         18         17         16         25         23
   705:         23         21         17         22         23
   710:         19         30         20         27         31
   715:         25         30         41         33         33
   720:         32         34         23         45         38
   725:         40         42         36         42         40
   730:         64         35         47         59         43
   735:         44         46         55         45         58
   740:         53         62         53         72         65
   745:         61         79         61         69         62
   750:         74         78         72         88         85
   755:         80         76         85         76         91
   760:         87         97         89         97         82
   765:        124         80         95         99        102
   770:        101        107         89        102        107
   775:         79         91        100         74        106
   780:        114        110        115        106        107
   785:         99        102        113        104         93
   790:        136        115        122        105        104
   795:        126        112        103         99         89
   800:         86         74        104         96         93
   805:         99         84        110         90         88
   810:         96         97         70         92         76
   815:         80         70         94         70         72
   820:         67         63         59         53         63
   825:         74         48         50         54         48
   830:         54         46         38         36         49
   835:         45         45         43         33         31
   840:         33         39         35         23         35
   845:         26         24         29         15         16
   850:         19         19         16         24         11
   855:         15          6         16         13          8
   860:         10          9          7         10         10
   865:          5         12          7          6          4
   870:          3          4          5          2          4
   875:          6          3          2          1          3
   880:          1          0          4          2          1
   885:          3          0          1          0          0
   890:          1          0          0          0          0
   895:          0          0          1          0          0
   900:          0          0          0          0          0
   905:          1          0          0          0          0
   910:          1          0          2          0          0
   915:          1          0          0          0          0
   920:          0          0          0          0          0
   925:          0          0          0          0          0
   930:          0          0          0          0          0
   935:          0          0          0          0          0
   940:          0          0          0          0          0
   945:          1          0          0          0          0
   950:          0          0          0          0          0
   955:          0          0          0          0          0
   960:          0          0          0          0          0
   965:          0          0          0          0          1
   970:          1          0          0          0          0
   975:          0          0          0          0          0
   980:          0          0          0          0          0
   985:          0          0          0          0          0
   990:          0          0          0          0          0
   995:          0          0          0          0          0
  1000:          0          0          0          1          0
  1005:          0          0          0          0          0
  1010:          0          0          0          0          1
  1015:          1          0          1          0          0
  1020:          0          0          0          0          0
  1025:          0          0          0          0          0
  1030:          0          0          0          0          0
  1035:          0          0          0          0          0
  1040:          0          0          0          0          0
  1045:          0          0          0          0          0
  1050:          0          0          0          0          0
  1055:          0          0          0          0          0
  1060:          0          0          0          0          0
  1065:          0          0          0          0          0
  1070:          0          0          0          0          0
  1075:          0          0          0          0          0
  1080:          0          0          0          0          0
  1085:          0          0          0          0          0
  1090:          0          0          0          0          0
  1095:          0          0          0          0          0
  1100:          0          0          0          0          1
  1105:          0          0          0          0          0
  1110:          0          0          0          0          0
  1115:          0          0          0          0          0
  1120:          0          0          0          0          0
  1125:          0          0          0          0          0
  1130:          0          1          0          0          0
  1135:          0          0          0          0          0
  1140:          0          0          0          0          0
  1145:          0          0          0          0          0
  1150:          0          0          0          0          0
  1155:          0          0          0          0          0
  1160:          0          0          0          0          0
  1165:          0          0          0          0          0
  1170:          0          0          0          0          0
  1175:          0          0          1          0          0
  1180:          0          0          0          0          0
  1185:          0          0          0          1          0
  1190:          0          0          0          0          0
  1195:          0          0          0          0          0
  1200:          0          0          0          0          1
  1205:          0          0          1          0          1
  1210:          0          0          0          0          0
  1215:          0          0          0          0          0
  1220:          0          0          0          0          0
  1225:          0          0          0          0          0
  1230:          0          0          0          0          0
  1235:          0          0          0          0          0
  1240:          0          0          0          0          0
  1245:          0          0          0          0          0
  1250:          0          0          0          0          0
  1255:          0          0          0          0          0
  1260:          0          0          0          0          0
  1265:          0          0          0          0          0
  1270:          0          0          0          0          0
  1275:          0          0          0          0          0
  1280:          0          0          0          0          0
  1285:          0          0          0          0          0
  1290:          0          0          0          0          0
  1295:          0          0          0          0          0
  1300:          0          0          0          0          0
  1305:          0          0          0          0          0
  1310:          0          0          0          0          0
  1315:          0          0          0          1          0
  1320:          0          0          0          0          0
  1325:          0          0          0          0          0
  1330:          0          0          0          0          0
  1335:          0          0          0          0          0
  1340:          0          0          0          0          0
  1345:          0          0          0          0          0
  1350:          0          0          0          0          0
  1355:          0          0          0          0          0
  1360:          0          0          0          0          0
  1365:          0          0          0          0          0
  1370:          0          0          0          0          0
  1375:          0          0          0          0          0
  1380:          0          0          0          0          0
  1385:          0          0          0          0          0
  1390:          0          0          0          0          0
  1395:          0          0          0          0          0
  1400:          1          0          0          0          0
  1405:          0          0          0          0          0
  1410:          0          0          0          0          0
  1415:          0          0          0          0          0
  1420:          0          0          0          0          0
  1425:          0          0          0          0          0
  1430:          0          0          0          0          0
  1435:          0          0          0          0          0
  1440:          0          0          0          0          0
  1445:          0          0          0          0          0
  1450:          0          0          0          0          0
  1455:          0          0          0          0          0
  1460:          0          0          0          0          0
  1465:          0          0          0          0          0
  1470:          0          0          0          0          0
  1475:          0          0          0          0          0
  1480:          0          0          0          0          0
  1485:          0          0          0          0          0
  1490:          0          0          0          0          0
  1495:          0          0          0          0          0
  1500:          0          0          0          0          0
  1505:          0          0          0          0          0
  1510:          0          0          0          0          0
  1515:          0          0          0          0          0
  1520:          0          0          0          0          0
  1525:          0          0          0          0          0
  1530:          1          0          0          0          0
  1535:          0          0          0          0          0
  1540:          0          0          0          0          0
  1545:          0          0          0          0          0
  1550:          0          0          0          0          0
  1555:          0          0          0          0          0
  1560:          0          0          0          0          0
  1565:          0          0          0          0          0
  1570:          1          0          0          0          0
  1575:          0          0          1          0          0
  1580:          0          0          0          0          0
  1585:          0          0          0          0          0
  1590:          0          0          0          0          0
  1595:          0          0          0          0          0
  1600:          0          0          0          0          0
  1605:          0          0          0          0          0
  1610:          0          0          0          0          0
  1615:          0          0          0          0          0
  1620:          0          1          0          0          0
  1625:          0          0          0          0          0
  1630:          0          0          0          0          0
  1635:          0          0          0          0          0
  1640:          0          0          0          0          0
  1645:          0          0          0          0          0
  1650:          0          0          0          0          0
  1655:          0          0          0          0          0
  1660:          0          0          0          0          0
  1665:          0          0          0          0          0
  1670:          0          0          0          0          0
  1675:          0          0          0          0          0
  1680:          0          0          0          0          0
  1685:          0          0          0          0          0
  1690:          0          0          0          0          0
  1695:          0          0          0          0          0
  1700:          0          0          0          0          0
  1705:          0          0          0          0          0
  1710:          0          1          0          0          0
  1715:          0          0          0          0          0
  1720:          0          0          0          0          0
  1725:          0          0          0          0          0
  1730:          0          0          0          0          0
  1735:          0          0          0          0          0
  1740:          0          0          0          1          0
  1745:          0          0          0          0          0
  1750:          0          0          0          0          0
  1755:          0          0          0          0          0
  1760:          0          0          0          0          0
  1765:          0          0          0          0          0
  1770:          0          0          0          0          0
  1775:          0          0          0          0          0
  1780:          0          0          0          0          0
  1785:          0          0          0          0          0
  1790:          0          0          0          1          0
  1795:          0          0          0          0          0
  1800:          0          0          0          0          0
  1805:          0          0          0          0          0
  1810:          0          0          0          0          0
  1815:          0          0          0          0          0
  1820:          0          0          0          0          0
  1825:          0          0          0          0          0
  1830:          0          0          0          0          0
  1835:          0          0          0          0          0
  1840:          0          0          0          0          0
  1845:          0          0          0          0          0
  1850:          0          0          0          0          0
  1855:          0          0          0          0          0
  1860:          0          0          0          0          0
  1865:          0          0          0          0          0
  1870:          0          0          0          0          0
  1875:          0          0          0          0          0
  1880:          0          0          0          0          0
  1885:          0          0          0          0          0
  1890:          0          0          0          0          0
  1895:          0          0          0          0          0
  1900:          0          0          0          0          0
  1905:          0          0          0          0          0
  1910:          0          0          0          0          0
  1915:          0          0          0          0          0
  1920:          0          0          0          0          0
  1925:          0          0          0          0          0
  1930:          0          0          0          0          0
  1935:          0          0          0          0          0
  1940:          0          0          0          0          0
  1945:          0          0          0          0          0
  1950:          0          0          0          0          0
  1955:          0          0          0          0          0
  1960:          0          0          0          0          0
  1965:          0          0          0          0          0
  1970:          0          0          0          0          0
  1975:          0          0          0          0          0
  1980:          0          0          0          0          0
  1985:          0          0          0          0          0
  1990:          0          0          0          0          0
  1995:          0          0          0          0          0
  2000:          0          0          0          0          0
  2005:          0          0          0          0          0
  2010:          0          0          0          0          0
  2015:          0          0          0          0          0
  2020:          0          0          0          0          0
  2025:          0          0          0          0          0
  2030:          0          0          0          0          0
  2035:          0          0          0          0          0
  2040:          0          0          0          0          0
  2045:          0          0          0
