ACQUISITION INFORMATION

Detector ID:  1
Detector description:
COS12ZBPR3 Easy-MCA-2k SN 16145344
Sample description:
Background
Real Time:  63.079999
Live Time:  62.699999
Acquisition start date:  22Feb2024
Acquisition start time:  10:41:40
Starting channel number:   0
Number of channels:   2048


CALIBRATION INFORMATION

ENERGY CALIBRATION
Units:
Energy Fit:  0.000000E+000  8.379747E-001  0.000000E+000
FWHM Fit:  0.000000E+000  0.000000E+000  0.000000E+000
Efficiency Terms:  0.000000  0.000000  0.000000  0.000000  0.000000
  0.000000  0.000000  0.000000  0.000000  0.000000


SPECTRUM
     0:          0          0          0          1          2
     5:        210       1834       1877        794        525
    10:        399        290        246        186        159
    15:        121        114         86         87         94
    20:         76         70         74         80         66
    25:         70         64         76         95        122
    30:        110        144        189        216        281
    35:        352        450        508        505        492
    40:        497        469        434        373        294
    45:        288        238        182        169        124
    50:        134        135        145        139        145
    55:        163        165        188        195        212
    60:        241        193        191        193        213
    65:        206        201        165        170        144
    70:        135        141        117        120        116
    75:         87        104         68         82         70
    80:         86         91         74         63         78
    85:         84         68         80         79         75
    90:         72         75         90         69         76
    95:         85         80         88         72         66
   100:         78         66         91         69         81
   105:         80         85         93         74         84
   110:         80         85         62         59         63
   115:         82         66         59         52         71
   120:         63         69         65         65         69
   125:         68         53         65         58         67
   130:         68         77         69         77         66
   135:         54         75         66         67         66
   140:         57         70         61         73         65
   145:         74         72         58         84         53
   150:         61         66         77         61         72
   155:         69         67         65         69         64
   160:         62         60         76         83         61
   165:         82         68         59         64         63
   170:         56         62         69         48         74
   175:         77         62         59         63         61
   180:         64         64         74         73         54
   185:         63         63         63         71         55
   190:         57         63         64         63         71
   195:         66         68         49         61         84
   200:         78         54         57         67         75
   205:         70         61         81         73         59
   210:         73         87         70         75         78
   215:         66         84         61         78         77
   220:         70         77         80         72         84
   225:         86         87         70         82         94
   230:         68         89         97         79         79
   235:         82         83         99         84         71
   240:         93         73         81         79         85
   245:         81         97         83         80         72
   250:         85         76         75         80         56
   255:         78         83         88         85         85
   260:         81         88         79         79         65
   265:         90         72         87         81         63
   270:         82         77         76         85         78
   275:         77         75         60         83         76
   280:         91         78         79         79         66
   285:         76         83         82         56         63
   290:         49         61         76         63         74
   295:         73         74         81         67         56
   300:         76         71         73         68         53
   305:         65         70         64         68         57
   310:         72         72         69         67         76
   315:         83         77         71         70         80
   320:         68         70         72         69         69
   325:         57         59         80         84         80
   330:         66         75         67         47         62
   335:         69         88         56         55         60
   340:         68         51         65         70         84
   345:         65         52         57         69         63
   350:         78         80         60         83         79
   355:         61         72         80         73         59
   360:         62         65         75         66         53
   365:         67         65         52         65         65
   370:         53         56         60         57         64
   375:         60         61         79         62         84
   380:         71         69         71         49         77
   385:         63         72         79         58         60
   390:         74         64         61         59         66
   395:         63         58         58         56         82
   400:         68         68         72         55         59
   405:         67         66         76         58         54
   410:         67         70         67         68         60
   415:         74         58         70         75         63
   420:         48         67         75         69         80
   425:         59         60         61         63         59
   430:         69         71         68         54         62
   435:         53         77         68         66         52
   440:         65         75         62         67         56
   445:         63         61         59         56         55
   450:         49         57         62         58         58
   455:         60         51         54         53         67
   460:         61         47         46         61         67
   465:         57         58         67         62         57
   470:         63         70         66         73         72
   475:         64         50         55         57         68
   480:         55         55         58         56         48
   485:         59         51         45         76         49
   490:         50         59         63         67         53
   495:         55         64         56         54         59
   500:         69         53         58         60         54
   505:         53         59         57         65         58
   510:         67         59         56         48         65
   515:         60         61         54         70         61
   520:         51         52         64         59         64
   525:         58         74         59         62         65
   530:         51         55         54         63         56
   535:         44         67         50         54         56
   540:         59         49         65         53         40
   545:         54         50         52         62         58
   550:         49         45         62         54         51
   555:         50         50         48         47         54
   560:         50         38         41         53         52
   565:         51         50         52         39         42
   570:         33         57         34         44         40
   575:         46         30         42         53         40
   580:         34         30         38         34         47
   585:         41         39         32         31         29
   590:         36         36         39         32         33
   595:         38         23         19         41         35
   600:         27         34         28         28         30
   605:         42         23         27         26         27
   610:         36         29         39         33         24
   615:         21         24         23         26         24
   620:         23         31         26         25         34
   625:         26         25         15         27         25
   630:         24         18         20         22         30
   635:         26         21         30         17         22
   640:         28         26         24         24         27
   645:         20         16         24         22         26
   650:         30         28         36         17         19
   655:         25          8         27         24         16
   660:         22         20         15         22         18
   665:         21         19         20         17         22
   670:         20         17         24         19         23
   675:         30         13         27         19         23
   680:         27         22         18         15         24
   685:         24         19         18         31         14
   690:         23         24         23         18         26
   695:         25         24         26         28         18
   700:         20         28         20         17         33
   705:         25         23         26         30         22
   710:         31         31         31         29         28
   715:         27         33         35         43         35
   720:         40         35         29         38         42
   725:         37         42         37         38         42
   730:         44         45         59         47         59
   735:         55         54         55         62         54
   740:         64         61         63         73         73
   745:         86         90         62         91         60
   750:         82         87         77        111         85
   755:         94         78         91         92        119
   760:        103        107        108        106         92
   765:        101        129        116        117        104
   770:        126        109        126        120        107
   775:        133        135        137        134        133
   780:        121        127        129        144        142
   785:        148        134        141        145        130
   790:        160        147        159        160        157
   795:        145        146        144        138        145
   800:        145        158        148        163        137
   805:        141        161        155        148        154
   810:        137        165        134        135        127
   815:        150        127        155        154        132
   820:        103        119        131        129        111
   825:        109        118        113        118        106
   830:        108        111        104         88        109
   835:        109        102        102        100         92
   840:         83         71         74         77         81
   845:         72         94         63         66         56
   850:         65         79         69         63         52
   855:         47         54         54         47         52
   860:         59         49         45         51         40
   865:         36         36         38         43         35
   870:         29         38         26         21         33
   875:         34         40         30         26         30
   880:         16         19         27         22         24
   885:         20         21         16         24         17
   890:         14         13         12         17         12
   895:         16         14         16         21         19
   900:         11         15          9         15         12
   905:         16         13         17         14         19
   910:         17         16          7         13          7
   915:         16         14         13          6         17
   920:         12          7         15         13         11
   925:          9         11          8         13          9
   930:         16          8          8          9          3
   935:          5          1          5          7          9
   940:          7         11         13          7         12
   945:          9          5          6          4          4
   950:          4          4          5          5          8
   955:          4          3          5          5          8
   960:          5          7          8          4          6
   965:          6          6          3          4          1
   970:          3          4          5          2          9
   975:          3          1          3          3          2
   980:          5          4          1          2          5
   985:          1          5          9          2          5
   990:          3          4          2          0          3
   995:          3          3          3          1          1
  1000:          6          4          3          4          7
  1005:          1          3          2          1          3
  1010:          2          2          1          4          4
  1015:          2          1          2          0          4
  1020:          5          1          1          2          5
  1025:          1          1          3          5          2
  1030:          0          2          2          6          1
  1035:          6          5          2          0          0
  1040:          3          4          1          5          6
  1045:          8          0          2          3          2
  1050:          1          3          4          3          3
  1055:          1          2          5          2          3
  1060:          6          3          8          4          4
  1065:          7          5          6          1          4
  1070:          6          5          5          7          4
  1075:          5          9          8          5          4
  1080:          2         10         11          6          4
  1085:          5          3          8          5          3
  1090:          8          2          9          5          5
  1095:          9          6          2          7          8
  1100:          8          7         11          6          7
  1105:         13          9         11         15         10
  1110:          4         14         15         13         10
  1115:          7         14         10         18         11
  1120:         12         15         20         11         19
  1125:         16         16         17         20         25
  1130:         17         14         16         12         11
  1135:         22         27         16         20         28
  1140:         10         22         20         21         20
  1145:         16         20         28         26         21
  1150:         31         28         31         23         20
  1155:         24         27         23         23         28
  1160:         37         26         29         29         26
  1165:         26         21         29         42         28
  1170:         24         37         49         39         37
  1175:         43         31         42         34         35
  1180:         35         33         39         29         32
  1185:         41         51         31         46         30
  1190:         55         37         39         36         31
  1195:         40         37         40         39         42
  1200:         41         40         44         48         41
  1205:         35         44         46         43         42
  1210:         30         42         34         53         50
  1215:         51         50         41         48         43
  1220:         56         41         54         44         48
  1225:         34         42         40         40         41
  1230:         41         38         35         40         41
  1235:         47         48         37         49         39
  1240:         27         38         30         40         40
  1245:         36         35         44         43         32
  1250:         39         37         33         35         40
  1255:         34         33         46         24         36
  1260:         32         22         23         22         33
  1265:         27         24         30         30         17
  1270:         29         28         24         30         21
  1275:         34         28         22         28         27
  1280:         16         23         33         20         26
  1285:         23         32         21         20         16
  1290:         21         21          8         16         10
  1295:         12         16         15         12          9
  1300:         13         13         15          8         13
  1305:         13          9         16          9         15
  1310:          4          9         13          6          9
  1315:          9         10          6          5          6
  1320:          7         12          7          8          7
  1325:          5          4          4          3          6
  1330:          3          6          3          5          6
  1335:          2          4          1          2          3
  1340:          2          4          3          1          1
  1345:          0          4          0          1          1
  1350:          7          1          2          1          3
  1355:          0          1          2          0          1
  1360:          3          2          1          1          0
  1365:          0          0          2          1          0
  1370:          1          0          0          0          1
  1375:          1          0          0          1          0
  1380:          0          0          0          0          1
  1385:          1          0          0          0          0
  1390:          0          0          0          0          0
  1395:          0          2          0          0          0
  1400:          0          1          0          0          1
  1405:          0          0          0          0          1
  1410:          0          0          0          0          0
  1415:          0          1          0          0          0
  1420:          0          0          0          0          0
  1425:          0          0          0          0          0
  1430:          0          0          2          0          0
  1435:          0          0          0          0          0
  1440:          0          0          0          0          0
  1445:          0          1          1          0          0
  1450:          0          1          1          1          0
  1455:          0          0          0          0          0
  1460:          0          0          0          0          0
  1465:          0          0          0          1          0
  1470:          0          0          0          1          0
  1475:          0          0          0          1          0
  1480:          0          1          0          0          0
  1485:          0          0          0          1          0
  1490:          0          0          0          0          0
  1495:          0          0          0          0          0
  1500:          0          0          0          0          0
  1505:          0          0          0          0          0
  1510:          0          0          0          0          0
  1515:          0          0          0          0          0
  1520:          0          0          0          0          0
  1525:          0          0          0          1          0
  1530:          0          1          0          0          0
  1535:          0          0          0          0          0
  1540:          0          0          0          0          0
  1545:          0          0          0          0          0
  1550:          0          0          0          0          0
  1555:          0          0          0          0          0
  1560:          0          0          0          0          1
  1565:          0          0          0          0          0
  1570:          1          0          0          0          0
  1575:          0          0          0          0          0
  1580:          0          0          0          0          0
  1585:          0          0          0          0          0
  1590:          0          0          0          0          0
  1595:          0          0          2          0          0
  1600:          0          0          0          0          0
  1605:          0          0          0          0          0
  1610:          0          0          0          0          0
  1615:          0          0          1          0          0
  1620:          0          0          0          0          0
  1625:          0          0          0          0          0
  1630:          0          0          0          0          0
  1635:          0          0          0          0          0
  1640:          0          0          0          0          0
  1645:          0          0          0          0          0
  1650:          0          0          0          0          0
  1655:          0          1          0          0          0
  1660:          0          0          0          0          0
  1665:          0          0          0          0          0
  1670:          0          0          0          0          0
  1675:          0          0          0          0          0
  1680:          0          0          0          0          0
  1685:          0          0          1          0          0
  1690:          0          0          0          0          0
  1695:          0          0          0          0          0
  1700:          0          0          0          0          0
  1705:          1          0          0          0          0
  1710:          0          0          0          0          0
  1715:          0          0          0          0          0
  1720:          0          0          0          0          0
  1725:          0          1          0          0          0
  1730:          0          0          0          0          0
  1735:          0          0          0          0          0
  1740:          0          0          0          0          0
  1745:          0          0          0          0          0
  1750:          0          0          0          0          0
  1755:          0          0          0          0          0
  1760:          0          0          0          0          0
  1765:          0          0          0          0          0
  1770:          0          0          0          0          0
  1775:          0          0          0          0          0
  1780:          0          0          0          0          0
  1785:          0          0          0          0          0
  1790:          0          0          0          0          0
  1795:          0          0          0          0          0
  1800:          0          0          0          0          0
  1805:          0          0          0          0          0
  1810:          1          0          0          0          0
  1815:          0          0          0          0          0
  1820:          0          0          0          0          0
  1825:          0          0          0          0          0
  1830:          0          0          0          0          0
  1835:          0          0          0          0          0
  1840:          0          0          0          0          0
  1845:          0          0          0          0          0
  1850:          0          0          0          0          0
  1855:          0          0          0          0          0
  1860:          0          0          0          0          0
  1865:          0          0          0          0          0
  1870:          0          0          0          0          0
  1875:          0          0          0          0          0
  1880:          0          0          0          0          0
  1885:          0          0          0          0          0
  1890:          0          0          0          0          0
  1895:          0          0          0          0          0
  1900:          0          0          0          0          0
  1905:          0          0          0          0          0
  1910:          0          0          0          0          0
  1915:          0          0          0          0          0
  1920:          0          0          0          0          0
  1925:          0          0          0          0          0
  1930:          0          0          0          0          0
  1935:          0          0          0          0          0
  1940:          0          0          0          0          0
  1945:          0          0          0          0          0
  1950:          0          0          0          0          0
  1955:          0          0          0          0          0
  1960:          0          0          0          0          0
  1965:          0          0          0          0          0
  1970:          0          0          0          0          0
  1975:          0          0          0          0          0
  1980:          0          0          0          0          0
  1985:          0          0          0          0          0
  1990:          0          0          0          0          0
  1995:          0          0          0          0          0
  2000:          0          0          0          0          0
  2005:          0          0          0          0          0
  2010:          0          0          0          0          0
  2015:          0          0          0          0          0
  2020:          0          0          0          0          0
  2025:          0          0          0          0          0
  2030:          0          0          0          0          0
  2035:          0          0          0          0          0
  2040:          0          0          0          0          0
  2045:          0          0          0
