ACQUISITION INFORMATION

Detector ID:  1
Detector description:
COS12ZBPR3 Easy-MCA-2k SN 16145344
Sample description:
Background
Real Time:  64.579999
Live Time:  64.219999
Acquisition start date:  22Feb2024
Acquisition start time:  10:54:34
Starting channel number:   0
Number of channels:   2048


CALIBRATION INFORMATION

ENERGY CALIBRATION
Units:
Energy Fit:  0.000000E+000  8.379747E-001  0.000000E+000
FWHM Fit:  0.000000E+000  0.000000E+000  0.000000E+000
Efficiency Terms:  0.000000  0.000000  0.000000  0.000000  0.000000
  0.000000  0.000000  0.000000  0.000000  0.000000


SPECTRUM
     0:          0          0          0          0          0
     5:         37         77         71         84         70
    10:         60         59         81         56         70
    15:         78         60         60         67         79
    20:         65         74         65         82         89
    25:         72         71         97        133        122
    30:        169        216        306        423        509
    35:        623        723        802        876        833
    40:        818        752        673        549        491
    45:        372        306        242        171        154
    50:        140        107         98         76         91
    55:         91         86         84         76         74
    60:         82         88         74         78         64
    65:         76         75         79         72         91
    70:         82         80         72         84         84
    75:         63         86         92         72         82
    80:         82         84         87         92         88
    85:         78         89         87         89        103
    90:         99         93         96         94        101
    95:        107        102         98         90         80
   100:        102        103        100         86         96
   105:         86         90         75         88        104
   110:        101         68        101         96         76
   115:         77         86         78         92         86
   120:         77         74         80         82         90
   125:         75         83         71         65         66
   130:         89         79         89         81         84
   135:         79         75         78         80         85
   140:         73         75         77         78         76
   145:         66         67         78         68         80
   150:         76         81         80         65         82
   155:         73         59         81         62         65
   160:         81         66         73         72         75
   165:         81         92         82         89         78
   170:         82         80         70         67         72
   175:         84         68         93         64         79
   180:         67         87         65         56         88
   185:         84         77         64         70         72
   190:         75         83         93         85         60
   195:         75         89         66         83         62
   200:         91        100         78         75         61
   205:         63         89        110         83         63
   210:         77         85        111         85         84
   215:         73         77         99         76         71
   220:         92         93        107        104         96
   225:        100         97        115        113         99
   230:        117         86        100        116        107
   235:        104        102        120        108         98
   240:        106        108        106        112        115
   245:         99        116        103         86        126
   250:        106         86        107        104        113
   255:         96        116         97        121        127
   260:        120         91        102         87         98
   265:         93        106         89         87         90
   270:         84         99         92         89         87
   275:        102         88         85        108         83
   280:         99         84        101         95         89
   285:         89         79         79        110         89
   290:        119         80        101         94         92
   295:         85         75        105         75         89
   300:         77         91         74         82         89
   305:         85         83         65         73         67
   310:         64         87         79         68         97
   315:         73         87         74         87         48
   320:         75         81         71         73         70
   325:         82         67         81         78         84
   330:         57         74         77         77         72
   335:         81         75         71         67         67
   340:         70         77         79         66         61
   345:         75         69         80         64         69
   350:         76         78         72         85         70
   355:         70         66         74         70         73
   360:         66         85         85         68         74
   365:         63         71         65         81         48
   370:         63         61         64         67         65
   375:         67         78         63         61         65
   380:         68         61         66         71         71
   385:         92         69         65         61         62
   390:         73         70         63         70         65
   395:         80         74         68         71         52
   400:         65         69         74         70         72
   405:         68         75         71         54         55
   410:         77         65         61         63         60
   415:         69         75         68         60         62
   420:         65         54         66         60         70
   425:         67         61         67         67         52
   430:         57         67         64         86         59
   435:         70         56         70         63         53
   440:         75         66         62         59         64
   445:         46         61         62         72         57
   450:         63         54         61         63         67
   455:         58         68         65         45         76
   460:         74         54         69         58         59
   465:         64         71         69         60         69
   470:         49         61         68         52         63
   475:         57         73         61         69         70
   480:         53         68         68         71         49
   485:         76         67         69         61         58
   490:         63         73         70         60         71
   495:         63         55         65         66         78
   500:         64         66         64         67         59
   505:         61         70         55         67         57
   510:         65         62         54         59         73
   515:         70         76         65         56         72
   520:         65         78         66         72         83
   525:         76         65         66         79         86
   530:         70         69         75         64         53
   535:         50         51         53         63         62
   540:         60         51         64         74         81
   545:         53         61         72         74         48
   550:         58         57         60         46         53
   555:         57         55         48         59         46
   560:         50         48         43         40         50
   565:         51         56         46         41         36
   570:         53         30         40         40         27
   575:         41         39         43         34         23
   580:         34         32         29         32         41
   585:         31         32         26         22         36
   590:         32         23         20         30         28
   595:         19         17         37         22         22
   600:         24         21         22         20         17
   605:         21         21         17         14         18
   610:         21         14         19         14         13
   615:         21         13         12         15         20
   620:         15         11         17         13         15
   625:          9         13         14         12         11
   630:          9         10         10         11         10
   635:         16         15         13         10          9
   640:         11         18         10         12         15
   645:         12          6          9          9          6
   650:          8          9         11          7          7
   655:         11          4          9         10          7
   660:         10         12         12          8         10
   665:         10         12         12         12          9
   670:         17         13          7          7          7
   675:          8          9          5          9         16
   680:          8         11         10         12          8
   685:          8         15          7         11         15
   690:         10         14         16         10         16
   695:         13          6         19         18         12
   700:         10         19         25         18         19
   705:         27         19         30         22         22
   710:         31         33         22         29         35
   715:         29         39         36         45         36
   720:         26         40         38         51         60
   725:         46         53         51         58         65
   730:         54         76         59         76         73
   735:         78         73         78         81         70
   740:         82         75         92         88         92
   745:         95        103        114         98        124
   750:        124        149        137        144        113
   755:        113        162        157        159        145
   760:        150        160        154        172        184
   765:        164        184        163        178        171
   770:        185        206        180        204        235
   775:        203        189        211        228        227
   780:        227        229        230        218        227
   785:        254        236        242        260        234
   790:        240        243        233        225        219
   795:        248        244        238        223        232
   800:        238        237        254        236        205
   805:        240        219        218        205        220
   810:        223        204        214        210        226
   815:        200        197        175        192        186
   820:        186        191        177        172        159
   825:        166        146        144        183        156
   830:        139        129        142        134        138
   835:        130        123        130        134        106
   840:         96        102         98         89         94
   845:         75         86         82         91         67
   850:         68         60         69         52         62
   855:         49         55         51         38         39
   860:         38         35         39         39         26
   865:         22         24         21         20         16
   870:         16         16         14         12         15
   875:         15         11         13         11          9
   880:          9          7         12          5          7
   885:          6          6          7          5          4
   890:          2          3          5          3          6
   895:          3          1          0          3          1
   900:          0          1          0          1          1
   905:          1          0          1          2          0
   910:          1          0          0          0          0
   915:          0          0          0          0          1
   920:          0          0          0          0          0
   925:          0          1          0          0          1
   930:          1          0          1          1          1
   935:          0          0          0          0          0
   940:          0          0          0          2          0
   945:          0          0          1          0          0
   950:          0          1          1          0          0
   955:          0          0          0          0          0
   960:          0          0          0          0          1
   965:          0          0          0          1          0
   970:          0          0          1          0          0
   975:          0          0          0          0          0
   980:          0          1          0          0          0
   985:          0          0          0          0          0
   990:          0          0          0          0          0
   995:          0          0          0          0          0
  1000:          0          0          0          0          0
  1005:          0          0          1          0          0
  1010:          0          0          0          0          0
  1015:          0          0          0          0          0
  1020:          0          0          0          0          0
  1025:          0          0          0          0          0
  1030:          0          0          0          0          0
  1035:          0          0          0          0          0
  1040:          0          0          0          0          0
  1045:          0          0          0          1          0
  1050:          0          0          0          0          0
  1055:          0          0          0          0          1
  1060:          0          1          0          0          0
  1065:          0          0          0          0          0
  1070:          0          0          0          1          0
  1075:          0          0          1          0          0
  1080:          0          0          0          0          0
  1085:          0          0          1          0          0
  1090:          0          0          1          0          0
  1095:          0          0          0          0          0
  1100:          0          0          0          0          0
  1105:          0          0          0          0          0
  1110:          0          0          0          0          0
  1115:          0          0          0          0          0
  1120:          0          1          0          1          0
  1125:          0          0          0          1          0
  1130:          1          0          0          0          0
  1135:          0          0          0          0          0
  1140:          0          0          0          0          0
  1145:          0          0          0          0          0
  1150:          0          0          0          1          0
  1155:          0          0          0          0          0
  1160:          0          0          0          0          0
  1165:          0          0          0          0          0
  1170:          1          0          0          0          1
  1175:          0          0          0          0          0
  1180:          0          0          0          1          0
  1185:          0          0          0          0          0
  1190:          0          1          0          0          0
  1195:          0          0          0          0          0
  1200:          0          0          0          0          0
  1205:          0          0          0          0          0
  1210:          0          0          0          0          0
  1215:          0          0          0          0          0
  1220:          0          0          0          0          0
  1225:          0          0          0          0          0
  1230:          0          0          0          0          0
  1235:          0          1          0          0          0
  1240:          0          0          0          0          0
  1245:          0          0          0          0          0
  1250:          0          0          0          0          0
  1255:          0          1          0          1          0
  1260:          0          0          0          0          0
  1265:          0          0          0          0          0
  1270:          2          0          0          0          0
  1275:          0          0          1          0          0
  1280:          0          0          0          0          0
  1285:          0          0          0          0          1
  1290:          0          1          0          0          0
  1295:          0          0          0          0          0
  1300:          0          0          0          0          0
  1305:          0          0          0          0          0
  1310:          0          0          0          0          0
  1315:          0          0          0          1          0
  1320:          0          0          0          1          0
  1325:          0          0          0          0          0
  1330:          0          0          0          0          0
  1335:          0          0          0          0          1
  1340:          0          0          0          0          0
  1345:          0          0          0          0          0
  1350:          0          0          0          0          0
  1355:          0          0          0          0          0
  1360:          1          0          0          0          0
  1365:          0          0          0          0          0
  1370:          0          0          0          0          0
  1375:          0          0          0          0          0
  1380:          0          0          0          0          0
  1385:          0          0          0          0          0
  1390:          0          0          0          0          0
  1395:          0          0          0          0          0
  1400:          0          0          0          0          0
  1405:          0          0          0          0          0
  1410:          0          0          0          0          0
  1415:          0          0          0          0          0
  1420:          0          0          0          0          0
  1425:          0          0          0          0          0
  1430:          0          0          0          1          0
  1435:          0          0          0          0          0
  1440:          0          0          0          0          0
  1445:          0          0          0          0          0
  1450:          0          0          0          0          0
  1455:          0          0          0          0          0
  1460:          0          0          0          0          1
  1465:          0          0          0          0          0
  1470:          0          0          0          0          0
  1475:          0          0          0          0          0
  1480:          0          0          1          0          0
  1485:          0          0          0          0          0
  1490:          0          0          1          0          0
  1495:          1          2          0          0          0
  1500:          0          0          0          0          0
  1505:          0          0          0          1          0
  1510:          0          0          0          0          0
  1515:          0          0          0          0          0
  1520:          0          0          0          0          0
  1525:          0          0          0          0          0
  1530:          0          0          0          0          0
  1535:          0          0          0          0          0
  1540:          0          0          0          0          0
  1545:          0          0          0          0          0
  1550:          0          0          0          0          1
  1555:          0          0          0          0          0
  1560:          0          1          0          0          0
  1565:          0          0          0          0          0
  1570:          0          0          0          0          0
  1575:          0          0          0          0          0
  1580:          0          0          0          0          0
  1585:          0          0          0          0          0
  1590:          0          0          0          0          0
  1595:          0          0          0          0          0
  1600:          0          0          0          0          0
  1605:          0          0          0          0          0
  1610:          0          0          0          0          0
  1615:          0          0          0          0          0
  1620:          0          0          1          0          0
  1625:          0          1          0          0          0
  1630:          0          0          0          0          0
  1635:          0          0          0          0          0
  1640:          0          0          0          0          0
  1645:          0          0          0          0          0
  1650:          0          1          0          0          0
  1655:          0          0          0          0          0
  1660:          0          0          0          0          0
  1665:          0          0          0          0          0
  1670:          0          0          0          0          0
  1675:          0          0          0          0          0
  1680:          0          0          0          0          0
  1685:          0          0          0          0          0
  1690:          0          0          0          0          0
  1695:          0          0          0          0          0
  1700:          0          0          0          0          0
  1705:          0          0          0          0          0
  1710:          0          0          0          0          0
  1715:          0          0          0          0          0
  1720:          0          0          0          0          0
  1725:          0          0          0          0          0
  1730:          0          0          0          0          0
  1735:          0          0          0          0          0
  1740:          0          0          0          0          0
  1745:          0          0          0          0          0
  1750:          0          0          0          0          0
  1755:          0          0          0          0          0
  1760:          0          0          0          0          0
  1765:          0          0          0          0          0
  1770:          0          0          0          0          0
  1775:          0          0          0          0          0
  1780:          0          0          0          0          0
  1785:          0          0          0          0          0
  1790:          0          0          0          0          0
  1795:          0          0          0          0          0
  1800:          0          0          0          0          0
  1805:          0          0          0          0          0
  1810:          0          0          0          0          0
  1815:          1          0          0          0          0
  1820:          0          0          0          0          0
  1825:          0          0          0          0          0
  1830:          0          0          0          0          0
  1835:          0          0          0          0          0
  1840:          0          0          0          0          0
  1845:          0          0          0          0          0
  1850:          0          0          0          0          0
  1855:          0          0          0          0          0
  1860:          0          1          0          0          0
  1865:          0          0          0          0          0
  1870:          0          0          0          0          0
  1875:          0          0          0          0          0
  1880:          0          0          0          0          0
  1885:          0          0          0          0          0
  1890:          0          0          0          0          0
  1895:          0          0          0          0          0
  1900:          0          0          0          0          0
  1905:          0          0          0          0          0
  1910:          0          0          0          0          0
  1915:          0          0          0          0          0
  1920:          0          0          0          0          0
  1925:          0          0          0          0          0
  1930:          0          0          0          0          0
  1935:          0          0          0          0          0
  1940:          0          0          0          0          0
  1945:          0          0          0          0          0
  1950:          0          0          0          0          0
  1955:          0          0          0          0          0
  1960:          0          0          0          0          0
  1965:          0          0          0          0          0
  1970:          0          0          0          0          0
  1975:          0          0          0          0          0
  1980:          0          0          0          0          0
  1985:          0          0          0          0          0
  1990:          0          0          0          0          0
  1995:          0          0          0          0          0
  2000:          0          0          0          0          0
  2005:          0          0          0          0          0
  2010:          0          0          0          0          0
  2015:          0          0          0          0          0
  2020:          0          0          0          0          0
  2025:          0          0          0          0          0
  2030:          0          0          0          0          0
  2035:          0          0          0          0          0
  2040:          0          0          0          0          0
  2045:          0          0          0
