0.8379747	0
1.6759494	0
2.5139240999999997	0
3.3518988	0
4.1898735	0
5.027848199999999	2
5.8658228999999995	11
6.7037976	12
7.5417723	1
8.379747	6
9.2177217	7
10.055696399999999	4
10.893671099999999	5
11.731645799999999	4
12.5696205	5
13.4075952	8
14.2455699	6
15.0835446	8
15.9215193	6
16.759494	2
17.5974687	7
18.4354434	5
19.2734181	9
20.111392799999997	7
20.949367499999997	5
21.787342199999998	8
22.625316899999998	7
23.463291599999998	12
24.301266299999998	8
25.139241	8
25.9772157	13
26.8151904	10
27.6531651	7
28.4911398	8
29.3291145	13
30.1670892	7
31.0050639	6
31.8430386	6
32.6810133	9
33.518988	7
34.3569627	8
35.1949374	6
36.0329121	9
36.8708868	7
37.7088615	3
38.5468362	6
39.3848109	1
40.222785599999995	4
41.0607603	6
41.898734999999995	3
42.7367097	5
43.574684399999995	4
44.4126591	4
45.250633799999996	7
46.0886085	6
46.926583199999996	8
47.7645579	6
48.602532599999996	6
49.4405073	4
50.278482	10
51.1164567	9
51.9544314	8
52.7924061	6
53.6303808	8
54.468355499999994	6
55.3063302	5
56.144304899999995	9
56.9822796	7
57.820254299999995	8
58.658229	5
59.496203699999995	10
60.3341784	4
61.172153099999996	4
62.0101278	6
62.848102499999996	4
63.6860772	1
64.5240519	6
65.3620266	5
66.2000013	6
67.037976	7
67.87595069999999	6
68.7139254	7
69.5519001	6
70.3898748	8
71.22784949999999	4
72.0658242	12
72.9037989	7
73.7417736	8
74.57974829999999	3
75.417723	4
76.2556977	5
77.0936724	9
77.93164709999999	7
78.7696218	4
79.6075965	6
80.44557119999999	13
81.2835459	8
82.1215206	12
82.9594953	9
83.79746999999999	7
84.6354447	4
85.4734194	8
86.3113941	8
87.14936879999999	9
87.9873435	5
88.8253182	7
89.6632929	8
90.50126759999999	8
91.3392423	10
92.177217	5
93.0151917	8
93.85316639999999	6
94.6911411	8
95.5291158	7
96.36709049999999	5
97.20506519999999	6
98.0430399	6
98.8810146	9
99.71898929999999	7
100.556964	4
101.3949387	7
102.2329134	4
103.07088809999999	3
103.9088628	7
104.7468375	6
105.5848122	3
106.42278689999999	5
107.2607616	10
108.0987363	5
108.93671099999999	2
109.77468569999999	3
110.6126604	3
111.4506351	5
112.28860979999999	11
113.12658449999999	5
113.9645592	2
114.8025339	6
115.64050859999999	4
116.4784833	7
117.316458	4
118.1544327	4
118.99240739999999	4
119.8303821	7
120.6683568	4
121.50633149999999	7
122.34430619999999	10
123.1822809	7
124.0202556	2
124.85823029999999	9
125.69620499999999	8
126.5341797	5
127.3721544	9
128.2101291	13
129.0481038	7
129.8860785	2
130.7240532	8
131.5620279	5
132.4000026	6
133.23797729999998	10
134.075952	10
134.9139267	7
135.75190139999998	9
136.5898761	7
137.4278508	8
138.2658255	12
139.1038002	10
139.94177489999998	13
140.7797496	10
141.6177243	13
142.45569899999998	9
143.2936737	13
144.1316484	12
144.9696231	10
145.8075978	5
146.6455725	8
147.4835472	10
148.3215219	10
149.15949659999998	15
149.9974713	15
150.835446	10
151.67342069999998	15
152.5113954	14
153.3493701	7
154.1873448	7
155.0253195	13
155.86329419999998	14
156.7012689	13
157.5392436	7
158.37721829999998	10
159.215193	10
160.0531677	13
160.89114239999998	4
161.7291171	5
162.5670918	7
163.4050665	8
164.2430412	3
165.08101589999998	7
165.9189906	11
166.7569653	8
167.59493999999998	9
168.4329147	6
169.2708894	7
170.1088641	8
170.9468388	9
171.78481349999998	5
172.6227882	7
173.4607629	10
174.29873759999998	8
175.1367123	9
175.974687	11
176.81266169999998	5
177.6506364	7
178.48861109999999	4
179.3265858	3
180.1645605	3
181.00253519999998	11
181.8405099	7
182.6784846	3
183.51645929999998	2
184.354434	5
185.1924087	5
186.0303834	6
186.8683581	8
187.70633279999998	10
188.5443075	10
189.3822822	6
190.22025689999998	6
191.0582316	9
191.8962063	3
192.73418099999998	9
193.5721557	8
194.41013039999999	7
195.2481051	11
196.0860798	6
196.92405449999998	7
197.7620292	7
198.6000039	11
199.43797859999998	9
200.2759533	5
201.113928	7
201.95190269999998	11
202.7898774	5
203.62785209999998	10
204.4658268	8
205.3038015	8
206.14177619999998	8
206.9797509	4
207.8177256	18
208.65570029999998	10
209.493675	9
210.33164969999999	8
211.1696244	9
212.0075991	6
212.84557379999998	4
213.6835485	7
214.5215232	6
215.35949789999998	12
216.1974726	10
217.0354473	5
217.87342199999998	11
218.7113967	5
219.54937139999998	10
220.3873461	18
221.2253208	7
222.06329549999998	15
222.9012702	7
223.7392449	4
224.57721959999998	9
225.4151943	12
226.25316899999999	8
227.0911437	17
227.9291184	11
228.76709309999998	5
229.6050678	5
230.4430425	12
231.28101719999998	4
232.1189919	10
232.9569666	8
233.79494129999998	8
234.632916	10
235.47089069999998	5
236.3088654	9
237.1468401	3
237.98481479999998	7
238.8227895	10
239.6607642	10
240.49873889999998	6
241.3367136	8
242.17468829999999	8
243.01266299999997	6
243.8506377	9
244.68861239999998	7
245.5265871	0
246.3645618	6
247.20253649999998	6
248.0405112	4
248.8784859	6
249.71646059999998	8
250.5544353	9
251.39240999999998	8
252.2303847	7
253.0683594	6
253.90633409999998	2
254.7443088	7
255.5822835	5
256.4202582	11
257.2582329	10
258.0962076	4
258.9341823	7
259.772157	6
260.6101317	6
261.4481064	8
262.2860811	10
263.1240558	5
263.96203049999997	10
264.8000052	5
265.6379799	2
266.47595459999997	10
267.3139293	9
268.151904	0
268.98987869999996	5
269.8278534	6
270.6658281	6
271.50380279999996	2
272.3417775	7
273.1797522	7
274.0177269	4
274.8557016	10
275.6936763	2
276.531651	6
277.3696257	3
278.2076004	5
279.0455751	8
279.88354979999997	10
280.7215245	11
281.5594992	8
282.39747389999997	12
283.2354486	5
284.0734233	5
284.91139799999996	6
285.7493727	2
286.5873474	8
287.42532209999996	5
288.2632968	4
289.1012715	7
289.9392462	5
290.7772209	9
291.6151956	2
292.4531703	0
293.291145	4
294.1291197	4
294.9670944	6
295.80506909999997	5
296.6430438	4
297.4810185	4
298.31899319999997	10
299.1569679	3
299.9949426	9
300.83291729999996	11
301.670892	5
302.5088667	7
303.34684139999996	11
304.1848161	2
305.0227908	6
305.8607655	2
306.6987402	2
307.5367149	4
308.3746896	4
309.2126643	5
310.050639	2
310.8886137	4
311.72658839999997	7
312.5645631	5
313.4025378	6
314.24051249999997	3
315.0784872	8
315.9164619	3
316.75443659999996	8
317.5924113	1
318.430386	3
319.26836069999996	8
320.1063354	12
320.9443101	6
321.78228479999996	8
322.6202595	8
323.4582342	3
324.2962089	3
325.1341836	7
325.9721583	8
326.810133	4
327.64810769999997	5
328.4860824	7
329.3240571	8
330.16203179999997	2
331.0000065	4
331.8379812	4
332.67595589999996	7
333.5139306	4
334.3519053	5
335.18987999999996	6
336.0278547	5
336.8658294	11
337.70380409999996	0
338.5417788	6
339.3797535	10
340.2177282	6
341.05570289999997	5
341.8936776	5
342.7316523	6
343.56962699999997	4
344.4076017	4
345.2455764	4
346.08355109999997	8
346.9215258	5
347.7595005	4
348.59747519999996	6
349.4354499	4
350.2734246	6
351.11139929999996	6
351.949374	1
352.7873487	3
353.62532339999996	6
354.4632981	7
355.3012728	9
356.1392475	7
356.97722219999997	6
357.8151969	2
358.6531716	5
359.49114629999997	4
360.329121	4
361.1670957	3
362.00507039999997	10
362.8430451	4
363.6810198	4
364.51899449999996	3
365.3569692	4
366.1949439	8
367.03291859999996	4
367.8708933	3
368.708868	5
369.54684269999996	7
370.3848174	4
371.2227921	2
372.0607668	5
372.89874149999997	4
373.7367162	5
374.5746909	4
375.41266559999997	4
376.2506403	5
377.088615	2
377.92658969999997	5
378.7645644	5
379.6025391	7
380.44051379999996	5
381.2784885	7
382.1164632	9
382.95443789999996	8
383.7924126	5
384.6303873	2
385.46836199999996	4
386.3063367	7
387.1443114	4
387.9822861	6
388.82026079999997	8
389.6582355	6
390.4962102	7
391.33418489999997	5
392.1721596	5
393.0101343	6
393.84810899999997	5
394.6860837	5
395.5240584	11
396.36203309999996	11
397.2000078	8
398.0379825	6
398.87595719999996	15
399.7139319	6
400.5519066	6
401.38988129999996	6
402.227856	7
403.0658307	7
403.90380539999995	9
404.74178009999997	12
405.5797548	8
406.4177295	10
407.25570419999997	9
408.0936789	7
408.9316536	10
409.76962829999997	13
410.607603	13
411.4455777	11
412.28355239999996	10
413.1215271	11
413.9595018	9
414.79747649999996	8
415.6354512	9
416.4734259	9
417.31140059999996	16
418.1493753	8
418.98735	8
419.82532469999995	12
420.66329939999997	15
421.5012741	9
422.3392488	8
423.17722349999997	9
424.0151982	15
424.8531729	13
425.69114759999997	9
426.5291223	10
427.367097	17
428.20507169999996	7
429.0430464	15
429.8810211	8
430.71899579999996	14
431.5569705	13
432.3949452	9
433.23291989999996	6
434.0708946	15
434.9088693	11
435.74684399999995	8
436.58481869999997	12
437.4227934	13
438.2607681	7
439.09874279999997	10
439.9367175	11
440.7746922	15
441.61266689999997	14
442.4506416	12
443.2886163	9
444.12659099999996	10
444.9645657	10
445.8025404	6
446.64051509999996	13
447.4784898	8
448.3164645	6
449.15443919999996	9
449.9924139	6
450.8303886	1
451.66836329999995	6
452.50633799999997	2
453.3443127	8
454.1822874	3
455.02026209999997	3
455.8582368	5
456.6962115	6
457.53418619999997	4
458.3721609	4
459.2101356	8
460.04811029999996	2
460.886085	5
461.7240597	3
462.56203439999996	3
463.4000091	6
464.2379838	4
465.07595849999996	2
465.9139332	5
466.7519079	5
467.58988259999995	2
468.42785729999997	4
469.265832	4
470.10380669999995	2
470.94178139999997	5
471.7797561	3
472.6177308	5
473.45570549999997	2
474.2936802	1
475.1316549	2
475.96962959999996	5
476.8076043	2
477.645579	4
478.48355369999996	1
479.3215284	1
480.1595031	5
480.99747779999996	6
481.8354525	2
482.6734272	3
483.51140189999995	4
484.34937659999997	5
485.1873513	7
486.02532599999995	2
486.86330069999997	0
487.7012754	4
488.5392501	7
489.37722479999996	4
490.2151995	4
491.0531742	4
491.89114889999996	1
492.7291236	2
493.5670983	3
494.40507299999996	5
495.2430477	9
496.0810224	2
496.91899709999996	2
497.7569718	6
498.5949465	2
499.43292119999995	6
500.27089589999997	2
501.1088706	3
501.94684529999995	4
502.78481999999997	3
503.6227947	7
504.4607694	2
505.29874409999996	2
506.1367188	5
506.9746935	4
507.81266819999996	7
508.6506429	1
509.4886176	2
510.32659229999996	7
511.164567	5
512.0025416999999	3
512.8405164	0
513.6784911	6
514.5164658	4
515.3544405	6
516.1924152	4
517.0303898999999	3
517.8683646	4
518.7063393	1
519.544314	3
520.3822887	0
521.2202634	3
522.0582380999999	5
522.8962128	1
523.7341875	5
524.5721622	2
525.4101369	4
526.2481116	4
527.0860862999999	2
527.9240609999999	2
528.7620357	5
529.6000104	3
530.4379851	2
531.2759598	1
532.1139345	6
532.9519091999999	3
533.7898839	4
534.6278586	1
535.4658333	2
536.303808	1
537.1417827	2
537.9797573999999	3
538.8177321	4
539.6557068	3
540.4936815	5
541.3316562	5
542.1696309	2
543.0076055999999	5
543.8455802999999	3
544.683555	3
545.5215297	3
546.3595044	2
547.1974791	4
548.0354538	4
548.8734284999999	0
549.7114032	1
550.5493779	6
551.3873526	3
552.2253273	3
553.063302	3
553.9012766999999	4
554.7392514	2
555.5772261	1
556.4152008	2
557.2531755	2
558.0911502	4
558.9291248999999	2
559.7670995999999	6
560.6050743	3
561.443049	2
562.2810237	0
563.1189984	0
563.9569731	1
564.7949477999999	3
565.6329225	4
566.4708972	4
567.3088719	5
568.1468466	3
568.9848213	1
569.8227959999999	2
570.6607707	3
571.4987454	4
572.3367201	5
573.1746948	0
574.0126695	2
574.8506441999999	5
575.6886188999999	3
576.5265936	4
577.3645683	2
578.202543	3
579.0405177	1
579.8784924	4
580.7164670999999	2
581.5544418	5
582.3924165	2
583.2303912	4
584.0683659	3
584.9063406	3
585.7443152999999	2
586.58229	1
587.4202647	4
588.2582394	4
589.0962141	1
589.9341888	3
590.7721634999999	2
591.6101381999999	6
592.4481129	0
593.2860876	4
594.1240623	1
594.962037	1
595.8000117	2
596.6379863999999	2
597.4759611	3
598.3139358	6
599.1519105	3
599.9898852	2
600.8278599	1
601.6658345999999	3
602.5038093	2
603.341784	4
604.1797587	5
605.0177334	5
605.8557081	3
606.6936827999999	4
607.5316574999999	3
608.3696322	2
609.2076069	3
610.0455816	3
610.8835563	4
611.721531	5
612.5595056999999	7
613.3974804	2
614.2354551	3
615.0734298	6
615.9114045	3
616.7493792	1
617.5873538999999	1
618.4253286	2
619.2633033	3
620.101278	3
620.9392527	3
621.7772274	4
622.6152020999999	1
623.4531767999999	1
624.2911515	2
625.1291262	2
625.9671009	3
626.8050756	2
627.6430503	2
628.4810249999999	1
629.3189997	5
630.1569744	3
630.9949491	1
631.8329238	3
632.6708985	3
633.5088731999999	1
634.3468479	3
635.1848226	4
636.0227973	3
636.860772	1
637.6987467	0
638.5367213999999	3
639.3746960999999	1
640.2126708	2
641.0506455	7
641.8886202	3
642.7265949	1
643.5645695999999	6
644.4025442999999	1
645.240519	5
646.0784937	3
646.9164684	3
647.7544431	8
648.5924178	2
649.4303924999999	2
650.2683672	2
651.1063419	4
651.9443166	2
652.7822913	4
653.620266	2
654.4582406999999	5
655.2962153999999	1
656.1341901	1
656.9721648	1
657.8101395	3
658.6481142	1
659.4860888999999	3
660.3240635999999	3
661.1620383	4
662.000013	0
662.8379877	2
663.6759624	1
664.5139371	1
665.3519117999999	5
666.1898865	1
667.0278612	3
667.8658359	1
668.7038106	1
669.5417853	1
670.3797599999999	4
671.2177346999999	2
672.0557094	5
672.8936841	3
673.7316588	2
674.5696335	3
675.4076081999999	3
676.2455828999999	4
677.0835576	5
677.9215323	1
678.759507	4
679.5974817	2
680.4354564	6
681.2734310999999	1
682.1114057999999	1
682.9493805	3
683.7873552	0
684.6253299	3
685.4633046	4
686.3012792999999	3
687.1392539999999	4
687.9772287	4
688.8152034	3
689.6531781	4
690.4911528	1
691.3291274999999	3
692.1671021999999	2
693.0050769	4
693.8430516	4
694.6810263	5
695.519001	1
696.3569757	1
697.1949503999999	2
698.0329250999999	1
698.8708998	3
699.7088745	5
700.5468492	0
701.3848239	1
702.2227985999999	3
703.0607732999999	4
703.898748	2
704.7367227	2
705.5746974	1
706.4126721	4
707.2506467999999	3
708.0886214999999	1
708.9265962	1
709.7645709	5
710.6025456	3
711.4405203	1
712.278495	0
713.1164696999999	6
713.9544443999999	4
714.7924191	5
715.6303938	4
716.4683685	3
717.3063432	4
718.1443178999999	2
718.9822925999999	0
719.8202673	1
720.658242	3
721.4962167	0
722.3341914	5
723.1721660999999	2
724.0101407999999	2
724.8481155	0
725.6860902	3
726.5240649	4
727.3620396	1
728.2000143	0
729.0379889999999	1
729.8759636999999	2
730.7139384	2
731.5519131	3
732.3898878	2
733.2278625	0
734.0658371999999	1
734.9038118999999	1
735.7417866	2
736.5797613	3
737.417736	1
738.2557107	1
739.0936853999999	1
739.9316600999999	4
740.7696348	5
741.6076095	5
742.4455842	2
743.2835589	1
744.1215336	3
744.9595082999999	3
745.7974829999999	3
746.6354577	2
747.4734324	3
748.3114071	2
749.1493818	3
749.9873564999999	3
750.8253311999999	2
751.6633059	1
752.5012806	3
753.3392553	6
754.17723	1
755.0152046999999	5
755.8531793999999	5
756.6911541	2
757.5291288	0
758.3671035	1
759.2050782	3
760.0430529	4
760.8810275999999	1
761.7190022999999	3
762.556977	0
763.3949517	2
764.2329264	1
765.0709011	1
765.9088757999999	2
766.7468504999999	3
767.5848252	3
768.4227999	2
769.2607746	5
770.0987493	4
770.9367239999999	2
771.7746986999999	1
772.6126734	3
773.4506481	0
774.2886228	6
775.1265975	6
775.9645722	1
776.8025468999999	5
777.6405215999999	1
778.4784963	3
779.316471	4
780.1544457	7
780.9924204	3
781.8303950999999	2
782.6683697999999	2
783.5063445	0
784.3443192	3
785.1822939	3
786.0202686	5
786.8582432999999	2
787.6962179999999	1
788.5341927	3
789.3721674	4
790.2101421	2
791.0481168	4
791.8860914999999	4
792.7240661999999	4
793.5620408999999	3
794.4000156	2
795.2379903	1
796.075965	5
796.9139397	1
797.7519143999999	2
798.5898890999999	3
799.4278638	2
800.2658385	2
801.1038132	4
801.9417879	2
802.7797625999999	6
803.6177372999999	5
804.455712	2
805.2936867	3
806.1316614	3
806.9696361	4
807.8076107999999	1
808.6455854999999	2
809.4835601999999	4
810.3215349	6
811.1595096	4
811.9974843	6
812.835459	4
813.6734336999999	4
814.5114083999999	2
815.3493831	1
816.1873578	7
817.0253325	5
817.8633072	1
818.7012818999999	2
819.5392565999999	1
820.3772313	2
821.215206	2
822.0531807	1
822.8911554	0
823.7291300999999	3
824.5671047999999	3
825.4050794999999	2
826.2430542	5
827.0810289	0
827.9190036	2
828.7569783	3
829.5949529999999	2
830.4329276999999	1
831.2709024	5
832.1088771	2
832.9468518	4
833.7848265	2
834.6228011999999	3
835.4607758999999	2
836.2987506	4
837.1367253	3
837.9747	2
838.8126747	3
839.6506493999999	3
840.4886240999999	2
841.3265987999999	3
842.1645735	3
843.0025482	4
843.8405229	3
844.6784976	4
845.5164722999999	5
846.3544469999999	2
847.1924217	2
848.0303964	3
848.8683711	3
849.7063458	2
850.5443204999999	2
851.3822951999999	4
852.2202699	4
853.0582446	0
853.8962193	1
854.734194	3
855.5721686999999	4
856.4101433999999	2
857.2481180999999	2
858.0860928	7
858.9240675	3
859.7620422	4
860.6000169	3
861.4379915999999	1
862.2759662999999	0
863.113941	3
863.9519157	2
864.7898904	2
865.6278651	3
866.4658397999999	2
867.3038144999999	1
868.1417892	2
868.9797639	1
869.8177386	1
870.6557133	1
871.4936879999999	5
872.3316626999999	1
873.1696373999999	1
874.0076121	4
874.8455868	2
875.6835615	2
876.5215362	2
877.3595108999999	0
878.1974855999999	1
879.0354603	2
879.873435	0
880.7114097	1
881.5493844	2
882.3873590999999	1
883.2253337999999	4
884.0633085	5
884.9012832	2
885.7392579	2
886.5772326	2
887.4152072999999	1
888.2531819999999	2
889.0911566999999	3
889.9291314	3
890.7671061	2
891.6050808	5
892.4430555	3
893.2810301999999	2
894.1190048999999	3
894.9569796	2
895.7949543	0
896.632929	3
897.4709037	0
898.3088783999999	4
899.1468530999999	1
899.9848278	2
900.8228025	1
901.6607772	2
902.4987519	2
903.3367265999999	6
904.1747012999999	4
905.0126759999999	0
905.8506507	2
906.6886254	3
907.5266001	3
908.3645748	4
909.2025494999999	2
910.0405241999999	1
910.8784989	2
911.7164736	2
912.5544483	2
913.392423	2
914.2303976999999	2
915.0683723999999	1
915.9063471	1
916.7443218	1
917.5822965	1
918.4202712	2
919.2582458999999	1
920.0962205999999	2
920.9341952999999	3
921.77217	2
922.6101447	2
923.4481194	1
924.2860941	4
925.1240687999999	3
925.9620434999999	3
926.8000182	0
927.6379929	3
928.4759676	2
929.3139423	2
930.1519169999999	2
930.9898916999999	2
931.8278664	5
932.6658411	1
933.5038158	4
934.3417905	2
935.1797651999999	0
936.0177398999999	3
936.8557145999999	4
937.6936893	3
938.531664	1
939.3696387	1
940.2076133999999	2
941.0455880999999	1
941.8835627999999	2
942.7215375	0
943.5595122	2
944.3974869	3
945.2354616	1
946.0734362999999	1
946.9114109999999	1
947.7493857	2
948.5873604	1
949.4253351	1
950.2633098	1
951.1012844999999	2
951.9392591999999	1
952.7772338999999	2
953.6152086	4
954.4531833	1
955.291158	1
956.1291326999999	3
956.9671073999999	7
957.8050820999999	2
958.6430568	1
959.4810315	1
960.3190062	1
961.1569809	4
961.9949555999999	6
962.8329302999999	2
963.670905	1
964.5088797	1
965.3468544	4
966.1848291	3
967.0228037999999	1
967.8607784999999	3
968.6987531999999	3
969.5367279	2
970.3747026	3
971.2126773	4
972.0506519999999	1
972.8886266999999	4
973.7266013999999	1
974.5645761	3
975.4025508	3
976.2405255	4
977.0785002	2
977.9164748999999	2
978.7544495999999	1
979.5924243	1
980.430399	2
981.2683737	2
982.1063484	2
982.9443230999999	2
983.7822977999999	3
984.6202724999999	3
985.4582472	3
986.2962219	2
987.1341966	1
987.9721712999999	3
988.8101459999999	1
989.6481206999999	2
990.4860954	2
991.3240701	4
992.1620448	1
993.0000195	3
993.8379941999999	4
994.6759688999999	3
995.5139436	3
996.3519183	2
997.189893	3
998.0278677	3
998.8658423999999	1
999.7038170999999	3
1000.5417917999999	1
1001.3797665	1
1002.2177412	6
1003.0557159	3
1003.8936905999999	5
1004.7316652999999	3
1005.5696399999999	0
1006.4076147	1
1007.2455894	2
1008.0835641	3
1008.9215388	1
1009.7595134999999	0
1010.5974881999999	1
1011.4354629	3
1012.2734376	4
1013.1114123	2
1013.949387	4
1014.7873616999999	1
1015.6253363999999	5
1016.4633110999999	4
1017.3012858	4
1018.1392605	3
1018.9772352	4
1019.8152098999999	3
1020.6531845999999	3
1021.4911592999999	3
1022.329134	2
1023.1671087	3
1024.0050833999999	3
1024.8430581	1
1025.6810328	0
1026.5190075	1
1027.3569822	4
1028.1949568999999	4
1029.0329316	2
1029.8709063	4
1030.708881	3
1031.5468557	2
1032.3848304	4
1033.2228051	4
1034.0607797999999	5
1034.8987545	7
1035.7367292	4
1036.5747039	1
1037.4126786	3
1038.2506532999998	4
1039.088628	1
1039.9266026999999	2
1040.7645774	3
1041.6025521	4
1042.4405268	3
1043.2785015	4
1044.1164761999999	2
1044.9544509	1
1045.7924256	4
1046.6304003	1
1047.468375	1
1048.3063497	2
1049.1443244	3
1049.9822990999999	4
1050.8202738	1
1051.6582485	7
1052.4962232	2
1053.3341979	2
1054.1721725999998	3
1055.0101473	1
1055.8481219999999	3
1056.6860967	4
1057.5240714	4
1058.3620461	3
1059.2000208	2
1060.0379954999999	5
1060.8759702	4
1061.7139449	2
1062.5519196	7
1063.3898943	1
1064.227869	2
1065.0658437	1
1065.9038183999999	2
1066.7417931	4
1067.5797678	2
1068.4177425	2
1069.2557172	5
1070.0936918999998	2
1070.9316666	5
1071.7696412999999	3
1072.607616	3
1073.4455907	5
1074.2835654	2
1075.1215401	3
1075.9595147999999	1
1076.7974895	5
1077.6354642	2
1078.4734389	2
1079.3114136	4
1080.1493883	4
1080.987363	2
1081.8253376999999	0
1082.6633124	1
1083.5012871	3
1084.3392618	2
1085.1772365	4
1086.0152111999998	4
1086.8531859	2
1087.6911605999999	1
1088.5291353	0
1089.36711	6
1090.2050847	1
1091.0430594	3
1091.8810340999999	4
1092.7190088	4
1093.5569835	9
1094.3949582	2
1095.2329329	6
1096.0709076	1
1096.9088823	0
1097.7468569999999	3
1098.5848317	4
1099.4228064	5
1100.2607811	5
1101.0987558	6
1101.9367304999998	3
1102.7747052	2
1103.6126798999999	3
1104.4506546	3
1105.2886293	4
1106.126604	4
1106.9645787	2
1107.8025533999999	3
1108.6405281	2
1109.4785028	1
1110.3164775	1
1111.1544522	1
1111.9924269	5
1112.8304016	2
1113.6683762999999	3
1114.506351	3
1115.3443257	5
1116.1823004	1
1117.0202751	3
1117.8582497999998	2
1118.6962245	3
1119.5341991999999	2
1120.3721739	7
1121.2101486	1
1122.0481233	4
1122.886098	3
1123.7240726999999	6
1124.5620474	3
1125.4000221	3
1126.2379968	2
1127.0759715	2
1127.9139462	0
1128.7519209	1
1129.5898955999999	3
1130.4278703	0
1131.265845	1
1132.1038197	3
1132.9417944	1
1133.7797690999998	1
1134.6177438	2
1135.4557184999999	2
1136.2936932	2
1137.1316679	2
1137.9696426	2
1138.8076173	0
1139.6455919999999	3
1140.4835667	4
1141.3215414	1
1142.1595161	2
1142.9974908	1
1143.8354655	2
1144.6734402	4
1145.5114148999999	1
1146.3493896	2
1147.1873643	1
1148.025339	0
1148.8633137	2
1149.7012883999998	0
1150.5392631	1
1151.3772377999999	2
1152.2152125	4
1153.0531872	3
1153.8911619	0
1154.7291366	0
1155.5671112999999	2
1156.405086	0
1157.2430607	2
1158.0810354	1
1158.9190101	2
1159.7569848	0
1160.5949595	1
1161.4329341999999	1
1162.2709089	3
1163.1088836	2
1163.9468583	1
1164.784833	3
1165.6228076999998	0
1166.4607824	1
1167.2987570999999	0
1168.1367318	1
1168.9747065	0
1169.8126812	3
1170.6506559	0
1171.4886305999999	2
1172.3266053	1
1173.16458	3
1174.0025547	2
1174.8405294	1
1175.6785041	1
1176.5164788	0
1177.3544534999999	1
1178.1924282	1
1179.0304029	0
1179.8683776	0
1180.7063523	1
1181.5443269999998	0
1182.3823017	1
1183.2202763999999	1
1184.0582511	1
1184.8962258	0
1185.7342005	2
1186.5721752	0
1187.4101498999999	0
1188.2481246	0
1189.0860993	4
1189.924074	0
1190.7620487	0
1191.6000234	1
1192.4379981	2
1193.2759727999999	1
1194.1139475	3
1194.9519222	1
1195.7898969	0
1196.6278716	0
1197.4658462999998	1
1198.303821	5
1199.1417956999999	2
1199.9797704	1
1200.8177451	1
1201.6557198	3
1202.4936945	0
1203.3316691999999	0
1204.1696439	1
1205.0076186	2
1205.8455933	3
1206.683568	3
1207.5215427	4
1208.3595174	3
1209.1974920999999	1
1210.0354668	1
1210.8734415	0
1211.7114162	3
1212.5493909	0
1213.3873655999998	2
1214.2253403	2
1215.0633149999999	4
1215.9012897	1
1216.7392644	1
1217.5772391	1
1218.4152138	2
1219.2531884999999	1
1220.0911632	1
1220.9291379	3
1221.7671126	3
1222.6050873	4
1223.443062	5
1224.2810367	1
1225.1190113999999	1
1225.9569861	2
1226.7949608	4
1227.6329355	3
1228.4709102	0
1229.3088848999998	4
1230.1468596	5
1230.9848342999999	2
1231.822809	4
1232.6607837	1
1233.4987584	1
1234.3367331	1
1235.1747077999999	2
1236.0126825	2
1236.8506572	4
1237.6886319	1
1238.5266066	2
1239.3645813	2
1240.202556	5
1241.0405306999999	2
1241.8785054	2
1242.7164801	2
1243.5544548	0
1244.3924295	1
1245.2304041999998	2
1246.0683789	3
1246.9063535999999	3
1247.7443283	0
1248.582303	5
1249.4202777	1
1250.2582524	3
1251.0962270999999	1
1251.9342018	4
1252.7721765	3
1253.6101512	3
1254.4481259	4
1255.2861006	2
1256.1240753	3
1256.9620499999999	2
1257.8000247	1
1258.6379994	1
1259.4759741	2
1260.3139488	4
1261.1519234999998	2
1261.9898982	3
1262.8278728999999	3
1263.6658476	2
1264.5038223	4
1265.341797	3
1266.1797717	2
1267.0177463999999	2
1267.8557211	2
1268.6936958	1
1269.5316705	1
1270.3696452	5
1271.2076199	6
1272.0455946	5
1272.8835692999999	2
1273.721544	3
1274.5595187	1
1275.3974934	7
1276.2354681	0
1277.0734427999998	0
1277.9114175	4
1278.7493921999999	3
1279.5873669	4
1280.4253416	2
1281.2633163	5
1282.101291	5
1282.9392656999999	3
1283.7772404	3
1284.6152151	3
1285.4531898	2
1286.2911645	3
1287.1291391999998	0
1287.9671139	3
1288.8050885999999	1
1289.6430633	3
1290.481038	1
1291.3190127	4
1292.1569874	2
1292.9949620999998	5
1293.8329368	0
1294.6709114999999	2
1295.5088862	2
1296.3468609	4
1297.1848356	2
1298.0228103	4
1298.8607849999999	4
1299.6987597	5
1300.5367344	2
1301.3747091	2
1302.2126838	3
1303.0506584999998	4
1303.8886332	2
1304.7266078999999	4
1305.5645826	2
1306.4025573	6
1307.240532	5
1308.0785067	2
1308.9164813999998	1
1309.7544561	1
1310.5924307999999	3
1311.4304055	3
1312.2683802	2
1313.1063549	2
1313.9443296	3
1314.7823042999999	5
1315.620279	3
1316.4582537	2
1317.2962284	2
1318.1342031	2
1318.9721777999998	1
1319.8101525	1
1320.6481271999999	5
1321.4861019	2
1322.3240766	2
1323.1620513	0
1324.000026	1
1324.8380006999998	3
1325.6759754	1
1326.5139500999999	0
1327.3519248	2
1328.1898995	0
1329.0278742	4
1329.8658489	1
1330.7038235999999	1
1331.5417983	1
1332.379773	2
1333.2177477	1
1334.0557224	2
1334.8936970999998	0
1335.7316718	4
1336.5696464999999	0
1337.4076212	1
1338.2455959	3
1339.0835706	0
1339.9215453	1
1340.7595199999998	1
1341.5974947	1
1342.4354693999999	0
1343.2734441	2
1344.1114188	0
1344.9493935	0
1345.7873682	4
1346.6253428999999	0
1347.4633176	2
1348.3012923	0
1349.139267	1
1349.9772417	0
1350.8152163999998	1
1351.6531911	0
1352.4911657999999	1
1353.3291405	1
1354.1671152	0
1355.0050899	0
1355.8430646	1
1356.6810392999998	1
1357.519014	0
1358.3569886999999	0
1359.1949634	1
1360.0329381	2
1360.8709128	1
1361.7088875	0
1362.5468621999999	0
1363.3848369	0
1364.2228115999999	1
1365.0607863	2
1365.898761	1
1366.7367356999998	1
1367.5747104	1
1368.4126850999999	0
1369.2506598	0
1370.0886345	0
1370.9266092	1
1371.7645839	0
1372.6025585999998	0
1373.4405333	0
1374.2785079999999	0
1375.1164827	0
1375.9544574	1
1376.7924321	1
1377.6304068	0
1378.4683814999999	0
1379.3063562	1
1380.1443308999999	1
1380.9823056	0
1381.8202803	0
1382.6582549999998	0
1383.4962297	0
1384.3342043999999	0
1385.1721791	0
1386.0101538	0
1386.8481285	0
1387.6861032	0
1388.5240778999998	0
1389.3620526	1
1390.2000272999999	1
1391.038002	0
1391.8759767	0
1392.7139514	0
1393.5519261	1
1394.3899007999999	1
1395.2278755	0
1396.0658501999999	0
1396.9038249	2
1397.7417996	0
1398.5797742999998	1
1399.417749	0
1400.2557236999999	0
1401.0936984	0
1401.9316731	1
1402.7696478	0
1403.6076225	0
1404.4455971999998	0
1405.2835719	0
1406.1215465999999	0
1406.9595213	1
1407.797496	1
1408.6354707	0
1409.4734454	1
1410.3114200999999	0
1411.1493948	1
1411.9873694999999	0
1412.8253442	0
1413.6633189	1
1414.5012935999998	0
1415.3392683	0
1416.1772429999999	2
1417.0152177	2
1417.8531924	0
1418.6911671	0
1419.5291418	2
1420.3671164999998	0
1421.2050912	0
1422.0430658999999	0
1422.8810406	0
1423.7190153	2
1424.55699	1
1425.3949647	1
1426.2329393999999	0
1427.0709141	1
1427.9088887999999	0
1428.7468635	1
1429.5848382	1
1430.4228128999998	2
1431.2607876	0
1432.0987622999999	0
1432.936737	0
1433.7747117	0
1434.6126864	0
1435.4506611	0
1436.2886357999998	0
1437.1266105	0
1437.9645851999999	0
1438.8025599	0
1439.6405346	2
1440.4785093	0
1441.316484	0
1442.1544586999999	1
1442.9924334	0
1443.8304080999999	0
1444.6683828	0
1445.5063575	1
1446.3443321999998	0
1447.1823069	1
1448.0202815999999	1
1448.8582563	2
1449.696231	0
1450.5342057	0
1451.3721804	0
1452.2101550999998	1
1453.0481298	0
1453.8861044999999	1
1454.7240792	0
1455.5620539	1
1456.4000286	0
1457.2380033	1
1458.0759779999998	0
1458.9139527	0
1459.7519273999999	0
1460.5899021	0
1461.4278768	0
1462.2658514999998	1
1463.1038262	1
1463.9418008999999	3
1464.7797756	0
1465.6177503	0
1466.455725	0
1467.2936997	1
1468.1316743999998	1
1468.9696491	0
1469.8076237999999	0
1470.6455985	0
1471.4835732	0
1472.3215479	1
1473.1595226	1
1473.9974972999998	0
1474.835472	0
1475.6734466999999	1
1476.5114214	2
1477.3493961	1
1478.1873707999998	0
1479.0253455	0
1479.8633201999999	0
1480.7012949	0
1481.5392696	0
1482.3772443	0
1483.215219	0
1484.0531936999998	0
1484.8911684	1
1485.7291430999999	0
1486.5671178	0
1487.4050925	1
1488.2430672	0
1489.0810419	0
1489.9190165999998	0
1490.7569913	1
1491.5949659999999	1
1492.4329407	1
1493.2709154	1
1494.1088900999998	0
1494.9468648	0
1495.7848394999999	0
1496.6228142	1
1497.4607889	0
1498.2987636	2
1499.1367383	0
1499.9747129999998	1
1500.8126877	0
1501.6506623999999	0
1502.4886371	1
1503.3266118	1
1504.1645865	0
1505.0025612	0
1505.8405358999998	1
1506.6785106	1
1507.5164852999999	1
1508.35446	0
1509.1924347	0
1510.0304093999998	0
1510.8683841	1
1511.7063587999999	0
1512.5443335	0
1513.3823082	0
1514.2202829	0
1515.0582576	0
1515.8962322999998	0
1516.734207	0
1517.5721816999999	0
1518.4101564	0
1519.2481311	1
1520.0861058	0
1520.9240805	1
1521.7620551999998	1
1522.6000299	0
1523.4380045999999	1
1524.2759793	0
1525.113954	0
1525.9519286999998	0
1526.7899034	2
1527.6278780999999	0
1528.4658528	0
1529.3038275	1
1530.1418022	1
1530.9797769	0
1531.8177515999998	0
1532.6557263	0
1533.4937009999999	0
1534.3316757	0
1535.1696504	1
1536.0076251	0
1536.8455998	1
1537.6835744999998	2
1538.5215492	2
1539.3595238999999	1
1540.1974986	0
1541.0354733	1
1541.8734479999998	0
1542.7114227	0
1543.5493973999999	0
1544.3873721	0
1545.2253468	0
1546.0633215	1
1546.9012962	0
1547.7392708999998	1
1548.5772456	0
1549.4152202999999	0
1550.253195	0
1551.0911697	0
1551.9291444	1
1552.7671191	0
1553.6050937999998	0
1554.4430685	0
1555.2810431999999	0
1556.1190179	0
1556.9569926	0
1557.7949672999998	1
1558.632942	0
1559.4709166999999	0
1560.3088914	0
1561.1468661	0
1561.9848408	2
1562.8228155	0
1563.6607901999998	0
1564.4987649	0
1565.3367395999999	0
1566.1747143	0
1567.012689	0
1567.8506637	0
1568.6886384	0
1569.5266130999998	0
1570.3645878	0
1571.2025624999999	0
1572.0405372	0
1572.8785119	0
1573.7164865999998	0
1574.5544613	0
1575.3924359999999	0
1576.2304107	0
1577.0683854	0
1577.9063601	0
1578.7443348	0
1579.5823094999998	0
1580.4202842	0
1581.2582588999999	0
1582.0962336	0
1582.9342083	0
1583.7721829999998	0
1584.6101577	0
1585.4481323999998	0
1586.2861071	0
1587.1240817999999	0
1587.9620565	0
1588.8000312	0
1589.6380058999998	0
1590.4759806	0
1591.3139552999999	0
1592.15193	0
1592.9899047	0
1593.8278794	0
1594.6658541	0
1595.5038287999998	0
1596.3418035	0
1597.1797781999999	0
1598.0177529	0
1598.8557276	0
1599.6937022999998	0
1600.531677	0
1601.3696516999998	0
1602.2076264	0
1603.0456010999999	0
1603.8835758	0
1604.7215505	0
1605.5595251999998	0
1606.3974999	0
1607.2354745999999	0
1608.0734493	0
1608.911424	0
1609.7493987	0
1610.5873734	0
1611.4253480999998	0
1612.2633228	0
1613.1012974999999	0
1613.9392722	0
1614.7772469	0
1615.6152215999998	0
1616.4531963	0
1617.2911709999998	0
1618.1291457	0
1618.9671203999999	0
1619.8050951	0
1620.6430698	0
1621.4810444999998	0
1622.3190192	0
1623.1569938999999	0
1623.9949686	0
1624.8329433	0
1625.670918	0
1626.5088927	0
1627.3468673999998	0
1628.1848421	0
1629.0228167999999	0
1629.8607915	0
1630.6987662	0
1631.5367408999998	0
1632.3747156	0
1633.2126902999998	0
1634.050665	0
1634.8886396999999	0
1635.7266144	0
1636.5645891	0
1637.4025637999998	0
1638.2405385	0
1639.0785131999999	0
1639.9164879	0
1640.7544626	0
1641.5924373	0
1642.430412	0
1643.2683866999998	0
1644.1063614	0
1644.9443360999999	0
1645.7823108	0
1646.6202855	0
1647.4582601999998	0
1648.2962349	0
1649.1342095999998	0
1649.9721843	0
1650.8101589999999	0
1651.6481337	0
1652.4861084	0
1653.3240830999998	0
1654.1620578	0
1655.0000324999999	0
1655.8380072	0
1656.6759819	0
1657.5139566	0
1658.3519313	0
1659.1899059999998	0
1660.0278807	0
1660.8658553999999	0
1661.7038301	0
1662.5418048	0
1663.3797794999998	0
1664.2177542	0
1665.0557288999998	0
1665.8937036	0
1666.7316782999999	0
1667.569653	0
1668.4076277	0
1669.2456023999998	0
1670.0835771	0
1670.9215517999999	0
1671.7595265	0
1672.5975012	0
1673.4354759	0
1674.2734506	0
1675.1114252999998	0
1675.9494	0
1676.7873746999999	0
1677.6253494	0
1678.4633241	0
1679.3012987999998	0
1680.1392735	0
1680.9772481999998	0
1681.8152229	0
1682.6531975999999	0
1683.4911723	0
1684.329147	0
1685.1671216999998	0
1686.0050964	0
1686.8430710999999	0
1687.6810458	0
1688.5190205	0
1689.3569952	0
1690.1949699	0
1691.0329445999998	0
1691.8709193	0
1692.7088939999999	0
1693.5468687	0
1694.3848434	0
1695.2228180999998	0
1696.0607928	0
1696.8987674999998	0
1697.7367422	0
1698.5747168999999	0
1699.4126916	0
1700.2506663	0
1701.0886409999998	0
1701.9266157	0
1702.7645903999999	0
1703.6025651	0
1704.4405398	0
1705.2785145	0
1706.1164892	0
1706.9544638999998	0
1707.7924386	0
1708.6304132999999	0
1709.468388	0
1710.3063627	0
1711.1443373999998	0
1711.9823121	0
1712.8202867999998	0
1713.6582615	0
1714.4962361999999	0
1715.3342109	0
1716.1721856	0
1717.0101602999998	0
1717.848135	0
