367.70	0.000
368.08	178.000
368.46	184.000
368.84	173.000
369.22	177.000
369.60	180.000
369.98	177.000
370.36	184.000
370.74	177.000
371.12	177.000
371.50	178.000
371.88	182.000
372.25	186.000
372.63	178.000
373.01	179.000
373.39	177.000
373.77	174.000
374.15	178.000
374.53	181.667
374.91	183.000
375.29	183.667
375.67	182.333
376.04	183.000
376.42	183.333
376.80	184.000
377.18	183.667
377.56	182.667
377.94	183.667
378.32	184.667
378.69	185.000
379.07	185.667
379.45	185.000
379.83	182.333
380.21	180.667
380.59	183.000
380.96	186.333
381.34	186.000
381.72	184.667
382.10	185.000
382.48	187.000
382.86	186.333
383.23	186.000
383.61	184.667
383.99	185.000
384.37	183.667
384.75	184.333
385.12	182.667
385.50	184.333
385.88	185.000
386.26	186.000
386.63	185.667
387.01	186.000
387.39	186.333
387.77	188.000
388.14	187.667
388.52	187.000
388.90	187.333
389.28	187.000
389.65	187.667
390.03	187.333
390.41	185.333
390.79	184.333
391.16	184.000
391.54	185.333
391.92	186.667
392.30	186.000
392.67	187.000
393.05	187.000
393.43	187.667
393.80	185.667
394.18	187.333
394.56	188.000
394.93	189.667
395.31	188.333
395.69	188.000
396.06	190.000
396.44	190.667
396.82	189.667
397.19	189.667
397.57	190.000
397.95	190.667
398.32	188.667
398.70	190.000
399.08	190.000
399.45	190.333
399.83	190.333
400.21	191.333
400.58	193.333
400.96	192.000
401.34	192.667
401.71	190.667
402.09	189.667
402.46	187.000
402.84	187.000
403.22	187.000
403.59	189.333
403.97	191.333
404.34	191.667
404.72	190.667
405.10	188.333
405.47	188.333
405.85	191.333
406.22	192.333
406.60	193.000
406.97	190.333
407.35	192.000
407.73	193.667
408.10	195.000
408.48	195.333
408.85	195.000
409.23	197.667
409.60	199.667
409.98	200.333
410.35	200.000
410.73	198.667
411.10	199.667
411.48	198.000
411.85	197.667
412.23	195.000
412.60	194.333
412.98	195.000
413.35	195.667
413.73	196.000
414.10	196.333
414.48	196.667
414.85	197.667
415.23	199.000
415.60	201.000
415.98	203.333
416.35	203.667
416.73	203.667
417.10	203.000
417.48	202.333
417.85	205.333
418.23	205.333
418.60	207.333
418.98	205.333
419.35	205.667
419.72	204.667
420.10	206.667
420.47	207.000
420.85	208.000
421.22	208.000
421.60	208.333
421.97	206.667
422.34	207.333
422.72	206.667
423.09	209.333
423.47	207.667
423.84	210.333
424.21	209.000
424.59	211.333
424.96	212.667
425.34	214.667
425.71	212.667
426.08	212.667
426.46	213.000
426.83	217.000
427.20	218.667
427.58	217.667
427.95	218.000
428.32	217.667
428.70	220.667
429.07	220.333
429.44	219.333
429.82	220.333
430.19	223.000
430.56	224.333
430.94	226.667
431.31	226.000
431.68	227.333
432.06	226.667
432.43	227.333
432.80	229.000
433.18	230.333
433.55	234.000
433.92	237.000
434.29	238.667
434.67	239.333
435.04	236.667
435.41	235.333
435.79	236.000
436.16	239.000
436.53	242.000
436.90	242.333
437.28	241.667
437.65	244.000
438.02	244.000
438.39	247.667
438.77	249.667
439.14	253.000
439.51	255.000
439.88	254.000
440.25	255.667
440.63	254.667
441.00	257.000
441.37	257.667
441.74	259.667
442.12	259.667
442.49	259.000
442.86	258.333
443.23	260.333
443.60	263.000
443.98	266.667
444.35	267.667
444.72	268.000
445.09	268.000
445.46	266.333
445.83	265.667
446.21	266.333
446.58	269.667
446.95	274.667
447.32	276.333
447.69	277.333
448.06	275.667
448.43	274.000
448.81	275.000
449.18	277.333
449.55	282.667
449.92	284.000
450.29	288.000
450.66	293.000
451.03	296.333
451.40	296.333
451.77	295.667
452.15	298.000
452.52	296.000
452.89	294.000
453.26	293.667
453.63	300.333
454.00	304.667
454.37	308.000
454.74	310.000
455.11	311.333
455.48	313.667
455.85	313.333
456.22	313.333
456.59	311.000
456.97	312.000
457.34	316.667
457.71	323.000
458.08	327.667
458.45	329.333
458.82	332.000
459.19	337.000
459.56	341.000
459.93	342.667
460.30	343.333
460.67	345.000
461.04	348.000
461.41	349.000
461.78	351.667
462.15	352.000
462.52	353.333
462.89	358.333
463.26	361.333
463.63	365.333
464.00	363.667
464.37	367.667
464.74	369.333
465.11	368.000
465.47	367.667
465.84	374.000
466.21	381.333
466.58	384.667
466.95	386.667
467.32	390.333
467.69	398.667
468.06	399.000
468.43	403.667
468.80	404.333
469.17	407.667
469.54	409.667
469.91	413.333
470.28	420.000
470.64	425.667
471.01	426.333
471.38	426.333
471.75	430.333
472.12	431.000
472.49	434.333
472.86	432.667
473.23	441.667
473.60	446.000
473.96	450.333
474.33	457.000
474.70	463.000
475.07	469.667
475.44	473.000
475.81	475.333
476.17	482.333
476.54	487.000
476.91	493.667
477.28	497.000
477.65	500.333
478.02	505.000
478.38	509.000
478.75	511.667
479.12	519.667
479.49	527.667
479.86	536.000
480.22	545.667
480.59	551.333
480.96	558.000
481.33	562.333
481.70	571.333
482.06	582.667
482.43	588.333
482.80	595.000
483.17	599.333
483.53	608.333
483.90	609.667
484.27	615.667
484.64	616.333
485.00	629.000
485.37	634.000
485.74	648.667
486.11	661.000
486.47	674.000
486.84	680.000
487.21	679.667
487.58	684.333
487.94	696.000
488.31	702.667
488.68	710.333
489.04	715.333
489.41	728.333
489.78	737.333
490.14	745.333
490.51	754.000
490.88	767.333
491.24	772.000
491.61	777.000
491.98	776.667
492.34	783.000
492.71	785.667
493.08	795.667
493.44	802.667
493.81	813.333
494.18	817.333
494.54	822.333
494.91	824.667
495.28	829.667
495.64	832.333
496.01	843.000
496.37	848.333
496.74	860.333
497.11	864.667
497.47	875.333
497.84	872.667
498.21	873.667
498.57	875.333
498.94	889.333
499.30	901.667
499.67	904.000
500.03	907.667
500.40	907.333
500.77	917.333
501.13	920.667
501.50	925.000
501.86	921.333
502.23	929.333
502.59	932.667
502.96	948.333
503.32	949.333
503.69	965.333
504.06	963.333
504.42	964.000
504.79	961.333
505.15	969.333
505.52	983.667
505.88	990.000
506.25	997.333
506.61	994.667
506.98	1006.000
507.34	1015.667
507.71	1029.667
508.07	1031.667
508.44	1029.667
508.80	1036.333
509.17	1045.000
509.53	1052.333
509.89	1056.667
510.26	1065.000
510.62	1077.333
510.99	1085.000
511.35	1088.667
511.72	1104.667
512.08	1118.000
512.45	1131.667
512.81	1130.333
513.18	1136.333
513.54	1144.667
513.90	1153.333
514.27	1160.333
514.63	1167.000
515.00	1171.667
515.36	1174.667
515.72	1182.000
516.09	1194.667
516.45	1205.333
516.82	1218.667
517.18	1224.333
517.54	1239.000
517.91	1237.667
518.27	1246.333
518.63	1251.000
519.00	1267.667
519.36	1283.667
519.73	1299.333
520.09	1304.667
520.45	1309.667
520.82	1315.000
521.18	1330.333
521.54	1340.667
521.91	1351.667
522.27	1349.667
522.63	1362.000
523.00	1372.000
523.36	1392.667
523.72	1391.333
524.08	1402.000
524.45	1401.000
524.81	1414.000
525.17	1413.000
525.54	1414.667
525.90	1430.667
526.26	1446.667
526.63	1469.667
526.99	1471.333
527.35	1475.333
527.71	1473.000
528.08	1469.667
528.44	1476.000
528.80	1490.000
529.16	1501.667
529.53	1503.667
529.89	1506.333
530.25	1516.000
530.61	1523.000
530.98	1526.000
531.34	1534.000
531.70	1547.667
532.06	1555.333
532.42	1562.667
532.79	1561.333
533.15	1563.000
533.51	1572.000
533.87	1581.000
534.23	1587.667
534.60	1576.000
534.96	1569.333
535.32	1567.333
535.68	1588.667
536.04	1597.000
536.40	1609.667
536.77	1604.667
537.13	1612.333
537.49	1617.667
537.85	1621.667
538.21	1626.333
538.57	1621.333
538.93	1618.000
539.30	1616.333
539.66	1628.667
540.02	1629.667
540.38	1642.000
540.74	1647.000
541.10	1665.667
541.46	1656.667
541.82	1655.000
542.18	1650.333
542.55	1666.000
542.91	1673.667
543.27	1686.000
543.63	1686.000
543.99	1695.333
544.35	1698.333
544.71	1708.000
545.07	1718.333
545.43	1723.333
545.79	1733.333
546.15	1732.667
546.51	1742.333
546.87	1743.333
547.23	1755.333
547.59	1752.333
547.95	1765.667
548.32	1773.000
548.68	1778.667
549.04	1775.667
549.40	1778.667
549.76	1794.000
550.12	1801.000
550.48	1812.667
550.84	1817.333
551.20	1824.667
551.56	1829.333
551.92	1842.333
552.28	1856.667
552.63	1864.000
552.99	1867.000
553.35	1876.333
553.71	1875.333
554.07	1886.667
554.43	1891.000
554.79	1900.667
555.15	1916.333
555.51	1938.333
555.87	1956.667
556.23	1964.000
556.59	1974.333
556.95	1986.000
557.31	1996.333
557.67	2002.333
558.03	2010.333
558.39	2033.000
558.74	2054.333
559.10	2073.333
559.46	2080.667
559.82	2077.333
560.18	2093.000
560.54	2109.000
560.90	2126.000
561.26	2134.000
561.61	2142.333
561.97	2156.000
562.33	2154.667
562.69	2164.667
563.05	2167.667
563.41	2196.333
563.77	2210.667
564.12	2235.333
564.48	2239.333
564.84	2244.667
565.20	2250.333
565.56	2258.000
565.92	2264.667
566.27	2266.000
566.63	2274.333
566.99	2290.333
567.35	2301.333
567.71	2310.333
568.06	2323.000
568.42	2335.000
568.78	2346.333
569.14	2363.000
569.50	2383.667
569.85	2401.000
570.21	2398.000
570.57	2407.000
570.93	2412.667
571.28	2421.000
571.64	2423.333
572.00	2428.333
572.36	2429.000
572.71	2442.000
573.07	2459.333
573.43	2471.333
573.78	2461.333
574.14	2456.000
574.50	2462.000
574.86	2472.667
575.21	2473.667
575.57	2477.333
575.93	2488.667
576.28	2486.667
576.64	2489.333
577.00	2486.000
577.35	2500.667
577.71	2505.667
578.07	2517.000
578.42	2519.000
578.78	2528.333
579.14	2534.000
579.49	2555.333
579.85	2560.333
580.21	2562.000
580.56	2564.333
580.92	2569.000
581.28	2565.000
581.63	2549.667
581.99	2546.333
582.35	2550.333
582.70	2570.667
583.06	2567.000
583.41	2563.333
583.77	2557.000
584.13	2573.333
584.48	2594.667
584.84	2590.000
585.19	2581.333
585.55	2568.667
585.91	2583.000
586.26	2593.000
586.62	2592.667
586.97	2589.000
587.33	2597.000
587.68	2610.333
588.04	2624.000
588.39	2611.000
588.75	2604.333
589.11	2595.667
589.46	2601.667
589.82	2613.000
590.17	2611.333
590.53	2610.667
590.88	2608.667
591.24	2614.667
591.59	2625.000
591.95	2637.000
592.30	2637.000
592.66	2653.000
593.01	2655.667
593.37	2665.333
593.72	2670.333
594.08	2671.000
594.43	2696.333
594.79	2700.333
595.14	2733.333
595.49	2719.667
595.85	2728.667
596.20	2713.667
596.56	2727.000
596.91	2731.000
597.27	2741.667
597.62	2745.667
597.98	2736.000
598.33	2731.000
598.68	2742.000
599.04	2750.333
599.39	2764.333
599.75	2770.000
600.10	2784.333
600.45	2788.000
600.81	2793.333
601.16	2792.000
601.52	2800.000
601.87	2802.667
602.22	2813.000
602.58	2827.667
602.93	2825.000
603.28	2845.000
603.64	2846.667
603.99	2860.667
604.35	2865.000
604.70	2875.333
605.05	2892.667
605.41	2902.000
605.76	2909.333
606.11	2922.333
606.47	2938.333
606.82	2955.333
607.17	2973.000
607.52	2975.333
607.88	2976.333
608.23	2977.667
608.58	3002.333
608.94	3024.667
609.29	3029.333
609.64	3019.667
610.00	3021.333
610.35	3031.667
610.70	3041.000
611.05	3061.000
611.41	3079.000
611.76	3092.333
612.11	3100.667
612.46	3126.667
612.82	3150.333
613.17	3165.667
613.52	3161.333
613.87	3165.333
614.23	3167.667
614.58	3170.333
614.93	3191.333
615.28	3217.667
615.63	3228.333
615.99	3223.667
616.34	3199.333
616.69	3202.667
617.04	3204.667
617.39	3214.333
617.75	3224.000
618.10	3231.667
618.45	3231.667
618.80	3237.667
619.15	3238.000
619.50	3252.667
619.86	3246.667
620.21	3260.000
620.56	3260.333
620.91	3265.333
621.26	3262.333
621.61	3274.667
621.96	3287.000
622.32	3302.000
622.67	3308.000
623.02	3316.667
623.37	3299.667
623.72	3300.000
624.07	3286.333
624.42	3290.000
624.77	3286.667
625.12	3290.667
625.47	3306.000
625.83	3310.000
626.18	3338.667
626.53	3337.333
626.88	3340.667
627.23	3325.333
627.58	3328.000
627.93	3329.333
628.28	3331.667
628.63	3331.667
628.98	3325.667
629.33	3323.667
629.68	3316.667
630.03	3307.333
630.38	3306.667
630.73	3298.000
631.08	3288.000
631.43	3268.667
631.78	3271.333
632.13	3294.667
632.48	3310.000
632.83	3322.667
633.18	3312.000
633.53	3315.667
633.88	3318.333
634.23	3341.667
634.58	3358.000
634.93	3363.667
635.28	3367.333
635.63	3366.667
635.98	3377.000
636.33	3373.000
636.68	3377.000
637.03	3394.667
637.38	3407.667
637.73	3415.667
638.08	3401.333
638.42	3413.333
638.77	3428.333
639.12	3437.000
639.47	3443.000
639.82	3436.667
640.17	3425.667
640.52	3410.667
640.87	3399.000
641.22	3394.667
641.57	3367.667
641.91	3351.667
642.26	3349.333
642.61	3365.667
642.96	3367.000
643.31	3370.333
643.66	3370.333
644.01	3385.667
644.35	3382.667
644.70	3382.333
645.05	3375.000
645.40	3373.333
645.75	3372.333
646.10	3370.333
646.44	3378.333
646.79	3385.667
647.14	3394.333
647.49	3404.000
647.84	3412.000
648.18	3419.667
648.53	3433.000
648.88	3449.000
649.23	3464.333
649.57	3459.667
649.92	3454.667
650.27	3441.333
650.62	3447.333
650.97	3441.667
651.31	3445.667
651.66	3439.333
652.01	3445.333
652.36	3448.000
652.70	3455.000
653.05	3439.667
653.40	3437.333
653.74	3429.667
654.09	3440.000
654.44	3433.333
654.79	3437.667
655.13	3439.333
655.48	3451.667
655.83	3446.000
656.17	3461.333
656.52	3461.000
656.87	3467.667
657.21	3454.333
657.56	3467.000
657.91	3475.000
658.25	3488.333
658.60	3490.333
658.95	3493.667
659.29	3503.000
659.64	3494.667
659.99	3491.667
660.33	3490.667
660.68	3494.333
661.03	3499.000
661.37	3498.333
661.72	3503.667
662.06	3515.000
662.41	3510.000
662.76	3540.667
663.10	3543.667
663.45	3563.667
663.79	3539.333
664.14	3545.667
664.49	3547.000
664.83	3563.000
665.18	3549.333
665.52	3543.000
665.87	3536.667
666.21	3557.000
666.56	3567.333
666.90	3583.000
667.25	3575.333
667.60	3576.333
667.94	3564.667
668.29	3566.333
668.63	3561.333
668.98	3558.667
669.32	3554.667
669.67	3541.667
670.01	3542.333
670.36	3535.667
670.70	3551.000
671.05	3554.667
671.39	3582.667
671.74	3590.000
672.08	3598.667
672.43	3583.000
672.77	3574.000
673.12	3562.333
673.46	3570.667
673.80	3581.000
674.15	3587.333
674.49	3588.667
674.84	3583.000
675.18	3584.667
675.53	3579.333
675.87	3585.000
676.21	3587.333
676.56	3589.667
676.90	3585.667
677.25	3587.333
677.59	3594.667
677.94	3592.333
678.28	3590.667
678.62	3593.000
678.97	3588.667
679.31	3586.000
679.65	3587.667
680.00	3591.000
680.34	3584.333
680.69	3574.000
681.03	3573.667
681.37	3574.000
681.72	3568.333
682.06	3580.667
682.40	3593.333
682.75	3593.000
683.09	3588.333
683.43	3583.333
683.78	3585.333
684.12	3577.000
684.46	3569.333
684.81	3563.667
685.15	3560.000
685.49	3567.333
685.83	3565.333
686.18	3570.333
686.52	3559.000
686.86	3560.333
687.21	3557.000
687.55	3547.333
687.89	3550.667
688.23	3535.333
688.58	3541.333
688.92	3512.667
689.26	3513.000
689.60	3492.000
689.95	3496.000
690.29	3483.667
690.63	3477.000
690.97	3478.667
691.32	3468.000
691.66	3471.333
692.00	3460.667
692.34	3461.667
692.68	3451.333
693.03	3456.667
693.37	3457.000
693.71	3468.333
694.05	3463.000
694.39	3462.000
694.73	3454.333
695.08	3436.667
695.42	3439.667
695.76	3419.667
696.10	3426.000
696.44	3413.000
696.78	3419.000
697.13	3416.000
697.47	3413.667
697.81	3414.333
698.15	3404.333
698.49	3390.333
698.83	3391.667
699.17	3394.667
699.51	3383.667
699.85	3370.000
700.20	3372.333
700.54	3381.000
700.88	3371.667
701.22	3354.000
701.56	3350.000
701.90	3344.667
702.24	3349.667
702.58	3347.333
702.92	3353.000
703.26	3345.000
703.60	3346.333
703.94	3345.000
704.28	3356.333
704.62	3364.333
704.96	3367.333
705.30	3351.667
705.65	3355.667
705.99	3354.667
706.33	3359.333
706.67	3346.000
707.01	3340.333
707.35	3340.667
707.69	3344.000
708.03	3349.333
708.37	3329.333
708.71	3326.000
709.04	3323.667
709.38	3336.667
709.72	3339.000
710.06	3326.667
710.40	3339.667
710.74	3323.000
711.08	3327.333
711.42	3305.333
711.76	3310.333
712.10	3311.333
712.44	3323.000
712.78	3327.000
713.12	3326.667
713.46	3318.333
713.80	3318.667
714.14	3323.000
714.47	3338.000
714.81	3342.333
715.15	3343.667
715.49	3352.000
715.83	3355.667
716.17	3361.000
716.51	3353.333
716.85	3344.667
717.18	3335.000
717.52	3337.000
717.86	3338.667
718.20	3345.333
718.54	3340.333
718.88	3349.000
719.22	3347.000
719.55	3356.667
719.89	3350.000
720.23	3345.000
720.57	3312.667
720.91	3288.667
721.24	3269.333
721.58	3265.333
721.92	3256.333
722.26	3254.000
722.60	3245.333
722.93	3238.667
723.27	3218.333
723.61	3202.000
723.95	3200.333
724.28	3197.000
724.62	3221.333
724.96	3211.333
725.30	3212.000
725.63	3188.000
725.97	3180.333
726.31	3162.000
726.65	3149.333
726.98	3143.000
727.32	3158.000
727.66	3150.000
728.00	3153.000
728.33	3153.333
728.67	3162.333
729.01	3167.000
729.34	3154.667
729.68	3158.333
730.02	3166.667
730.35	3176.667
730.69	3166.333
731.03	3161.333
731.36	3162.667
731.70	3181.000
732.04	3168.333
732.37	3165.667
732.71	3152.000
733.05	3150.000
733.38	3151.667
733.72	3151.000
734.06	3152.667
734.39	3145.667
734.73	3154.000
735.06	3165.667
735.40	3171.333
735.74	3166.333
736.07	3149.667
736.41	3147.333
736.74	3144.667
737.08	3150.333
737.41	3155.000
737.75	3160.333
738.09	3167.000
738.42	3150.667
738.76	3138.333
739.09	3134.667
739.43	3142.667
739.76	3137.667
740.10	3104.000
740.43	3095.333
740.77	3088.000
741.11	3104.000
741.44	3084.667
741.78	3076.333
742.11	3079.000
742.45	3084.667
742.78	3080.000
743.12	3059.667
743.45	3049.333
743.79	3052.333
744.12	3061.000
744.45	3054.667
744.79	3044.667
745.12	3034.667
745.46	3034.000
745.79	3029.333
746.13	3017.333
746.46	3020.667
746.80	3025.667
747.13	3021.333
747.47	3004.667
747.80	2998.333
748.13	3015.667
748.47	3015.000
748.80	3015.333
749.14	3010.667
749.47	3020.667
749.80	3007.000
750.14	2985.000
750.47	2961.667
750.81	2969.667
751.14	2975.000
751.47	2984.000
751.81	2976.667
752.14	2990.667
752.47	3001.000
752.81	3008.333
753.14	3007.667
753.47	3006.000
753.81	3007.667
754.14	3001.000
754.47	3008.333
754.81	3007.667
755.14	3002.333
755.47	2989.333
755.81	2992.000
756.14	2981.000
756.47	2972.000
756.81	2956.000
757.14	2957.333
757.47	2956.667
757.80	2950.667
758.14	2929.667
758.47	2920.333
758.80	2906.000
759.14	2914.667
759.47	2902.000
759.80	2891.000
760.13	2873.333
760.47	2860.000
760.80	2846.333
761.13	2844.000
761.46	2837.333
761.79	2823.333
762.13	2810.333
762.46	2804.333
762.79	2801.000
763.12	2783.667
763.46	2763.333
763.79	2758.333
764.12	2754.333
764.45	2743.333
764.78	2727.333
765.11	2713.667
765.45	2713.667
765.78	2696.667
766.11	2680.000
766.44	2661.333
766.77	2651.333
767.10	2638.667
767.44	2612.667
767.77	2611.667
768.10	2602.000
768.43	2598.333
768.76	2577.333
769.09	2562.667
769.42	2558.333
769.75	2540.333
770.08	2541.333
770.42	2526.667
770.75	2524.000
771.08	2519.333
771.41	2527.667
771.74	2524.000
772.07	2517.333
772.40	2505.000
772.73	2498.333
773.06	2486.667
773.39	2479.667
773.72	2472.667
774.05	2472.000
774.38	2465.000
774.71	2462.000
775.04	2459.333
775.37	2460.000
775.70	2460.333
776.03	2455.000
776.36	2446.333
776.69	2445.000
777.02	2441.667
777.35	2438.000
777.68	2439.667
778.01	2421.667
778.34	2427.667
778.67	2427.000
779.00	2440.000
779.33	2430.000
779.66	2424.667
779.99	2430.333
780.32	2438.000
780.65	2439.667
780.98	2444.333
781.31	2452.000
781.64	2462.000
781.97	2457.333
782.30	2443.667
782.63	2437.667
782.95	2436.667
783.28	2451.667
783.61	2447.667
783.94	2449.333
784.27	2442.000
784.60	2451.333
784.93	2457.000
785.26	2450.000
785.59	2437.333
785.91	2426.333
786.24	2438.000
786.57	2437.333
786.90	2432.000
787.23	2415.333
787.56	2416.000
787.89	2417.333
788.21	2414.667
788.54	2413.000
788.87	2403.000
789.20	2399.333
789.53	2398.000
789.85	2393.333
790.18	2388.000
790.51	2366.667
790.84	2353.667
791.17	2342.667
791.49	2340.667
791.82	2339.333
792.15	2331.667
792.48	2317.333
792.80	2311.000
793.13	2310.000
793.46	2315.667
793.79	2314.000
794.11	2305.667
794.44	2296.333
794.77	2288.333
795.10	2275.667
795.42	2268.333
795.75	2259.667
796.08	2262.667
796.40	2262.000
796.73	2260.667
797.06	2256.667
797.39	2242.000
797.71	2228.000
798.04	2211.333
798.37	2204.667
798.69	2195.000
799.02	2184.667
799.35	2180.667
799.67	2194.333
800.00	2200.667
800.32	2192.333
800.65	2174.333
800.98	2182.333
801.30	2181.667
801.63	2185.000
801.96	2176.000
802.28	2173.333
802.61	2167.333
802.93	2156.333
803.26	2155.667
803.59	2142.667
803.91	2133.667
804.24	2133.333
804.56	2158.667
804.89	2171.333
805.22	2180.000
805.54	2165.667
805.87	2168.333
806.19	2167.667
806.52	2176.000
806.84	2181.000
807.17	2186.000
807.49	2177.333
807.82	2179.667
808.14	2180.333
808.47	2198.333
808.79	2200.667
809.12	2201.667
809.44	2205.667
809.77	2209.333
810.09	2220.667
810.42	2215.667
810.74	2210.000
811.07	2199.333
811.39	2201.667
811.72	2213.667
812.04	2214.333
812.37	2206.333
812.69	2196.667
813.02	2198.333
813.34	2205.000
813.67	2208.333
813.99	2204.333
814.31	2199.333
814.64	2201.333
814.96	2210.333
815.29	2213.333
815.61	2213.333
815.93	2205.667
816.26	2207.000
816.58	2202.333
816.91	2196.667
817.23	2193.000
817.55	2197.667
817.88	2200.333
818.20	2190.000
818.52	2172.333
818.85	2165.667
819.17	2157.667
819.50	2159.000
819.82	2155.333
820.14	2169.000
820.47	2179.667
820.79	2182.000
821.11	2167.333
821.44	2154.667
821.76	2150.667
822.08	2159.000
822.40	2159.000
822.73	2167.333
823.05	2159.333
823.37	2149.667
823.70	2141.667
824.02	2154.667
824.34	2160.333
824.66	2167.000
824.99	2158.000
825.31	2164.333
825.63	2149.000
825.95	2148.667
826.28	2132.667
826.60	2141.333
826.92	2138.000
827.24	2146.667
827.57	2140.000
827.89	2138.333
828.21	2126.333
828.53	2112.333
828.85	2092.667
829.18	2083.333
829.50	2080.333
829.82	2074.333
830.14	2071.333
830.46	2059.667
830.78	2071.667
831.11	2060.000
831.43	2060.667
831.75	2034.667
832.07	2030.667
832.39	2016.333
832.71	2022.000
833.03	2024.333
833.36	2029.333
833.68	2022.333
834.00	2017.000
834.32	2003.000
834.64	1996.333
834.96	1977.000
835.28	1975.333
835.60	1970.000
835.92	1971.333
836.25	1968.667
836.57	1947.333
836.89	1940.667
837.21	1937.000
837.53	1941.667
837.85	1936.667
838.17	1925.333
838.49	1916.667
838.81	1906.667
839.13	1895.333
839.45	1892.667
839.77	1892.000
840.09	1886.333
840.41	1881.000
840.73	1876.667
841.05	1879.667
841.37	1872.333
841.69	1865.667
842.01	1855.667
842.33	1850.333
842.65	1832.667
842.97	1815.667
843.29	1809.667
843.61	1811.333
843.93	1815.333
844.25	1801.000
844.57	1785.000
844.89	1757.333
845.21	1751.000
845.53	1734.000
845.85	1736.333
846.16	1727.000
846.48	1731.000
846.80	1723.000
847.12	1712.667
847.44	1705.000
847.76	1706.667
848.08	1703.667
848.40	1699.000
848.72	1686.667
849.04	1683.333
849.35	1679.333
849.67	1672.333
849.99	1661.667
850.31	1650.667
850.63	1650.333
850.95	1658.333
851.27	1662.667
851.58	1652.000
851.90	1639.000
852.22	1632.000
852.54	1633.333
852.86	1632.333
853.17	1624.000
853.49	1613.667
853.81	1604.000
854.13	1607.333
854.45	1612.667
854.76	1603.000
855.08	1587.667
855.40	1568.667
855.72	1572.667
856.03	1562.667
856.35	1565.667
856.67	1545.667
856.99	1540.000
857.30	1536.333
857.62	1541.333
857.94	1537.333
858.26	1522.667
858.57	1519.000
858.89	1514.667
859.21	1503.667
859.53	1490.000
859.84	1482.000
860.16	1481.000
860.48	1466.667
860.79	1453.333
861.11	1444.333
861.43	1446.667
861.74	1445.000
862.06	1436.000
862.38	1425.000
862.69	1413.333
863.01	1406.000
863.33	1393.333
863.64	1391.333
863.96	1392.000
864.27	1394.333
864.59	1386.667
864.91	1374.667
865.22	1365.667
865.54	1368.000
865.85	1363.667
866.17	1354.333
866.49	1336.333
866.80	1329.000
867.12	1323.000
867.43	1321.667
867.75	1318.667
868.07	1324.000
868.38	1321.333
868.70	1323.000
869.01	1332.000
869.33	1338.000
869.64	1339.000
869.96	1324.667
870.27	1318.667
870.59	1325.333
870.90	1322.667
871.22	1326.333
871.53	1312.667
871.85	1317.000
872.16	1309.667
872.48	1333.333
872.79	1324.000
873.11	1322.000
873.42	1296.000
873.74	1292.667
874.05	1288.333
874.37	1277.333
874.68	1273.667
875.00	1267.000
875.31	1268.667
875.62	1272.333
875.94	1280.333
876.25	1282.333
876.57	1273.000
876.88	1266.667
877.20	1269.333
877.51	1274.667
877.82	1279.667
878.14	1276.000
878.45	1272.667
878.77	1268.000
879.08	1263.667
879.39	1258.000
879.71	1247.667
880.02	1247.333
880.33	1249.667
880.65	1247.000
880.96	1235.667
881.27	1229.667
881.59	1238.000
881.90	1238.667
882.21	1235.000
882.53	1230.667
882.84	1230.000
883.15	1225.667
883.47	1221.333
883.78	1215.000
884.09	1221.000
884.41	1219.000
884.72	1224.000
885.03	1213.333
885.34	1214.667
885.66	1211.333
885.97	1212.000
886.28	1212.667
886.59	1210.000
886.91	1214.000
887.22	1214.333
887.53	1217.000
887.84	1220.667
888.16	1219.000
888.47	1218.333
888.78	1210.667
889.09	1210.000
889.40	1212.667
889.72	1216.667
890.03	1215.000
890.34	1218.333
890.65	1225.667
890.96	1227.667
891.28	1222.333
891.59	1221.000
891.90	1225.000
892.21	1228.667
892.52	1232.000
892.83	1232.667
893.14	1238.667
893.46	1243.333
893.77	1246.667
894.08	1251.667
894.39	1252.667
894.70	1257.333
895.01	1259.333
895.32	1256.667
895.63	1260.000
895.95	1263.000
896.26	1269.667
896.57	1273.667
896.88	1275.667
897.19	1281.000
897.50	1280.000
897.81	1284.000
898.12	1289.000
898.43	1286.000
898.74	1287.333
899.05	1281.000
899.36	1284.000
899.67	1276.333
899.98	1269.333
900.29	1264.667
900.60	1258.667
900.91	1259.000
901.22	1252.667
901.53	1254.000
901.84	1245.333
902.15	1247.000
902.46	1240.000
902.77	1249.667
903.08	1253.667
903.39	1262.333
903.70	1256.000
904.01	1254.667
904.32	1255.000
904.63	1253.333
904.94	1256.333
905.25	1256.333
905.56	1260.000
905.87	1259.667
906.18	1262.333
906.48	1265.667
906.79	1277.000
907.10	1276.000
907.41	1284.667
907.72	1266.333
908.03	1268.333
908.34	1255.333
908.65	1257.000
908.96	1255.333
909.26	1260.000
909.57	1260.333
909.88	1251.333
910.19	1249.667
910.50	1244.667
910.81	1232.000
911.11	1217.000
911.42	1203.667
911.73	1198.667
912.04	1191.667
912.35	1188.000
912.66	1184.667
912.96	1178.667
913.27	1174.333
913.58	1172.333
913.89	1175.000
914.19	1170.333
914.50	1163.667
914.81	1154.333
915.12	1142.333
915.43	1135.333
915.73	1131.667
916.04	1127.333
916.35	1122.333
916.65	1109.667
916.96	1107.667
917.27	1100.667
917.58	1094.333
917.88	1082.000
918.19	1073.000
918.50	1064.333
918.80	1055.333
919.11	1044.333
919.42	1042.667
919.73	1043.333
920.03	1037.333
920.34	1021.333
920.65	1010.000
920.95	1006.333
921.26	1004.333
921.56	1003.667
921.87	1003.333
922.18	1003.000
922.48	1002.000
922.79	1000.667
923.10	1000.667
923.40	997.333
923.71	992.333
924.01	986.667
924.32	993.667
924.63	995.333
924.93	996.000
925.24	985.667
925.54	990.000
925.85	980.667
926.16	985.667
926.46	979.000
926.77	996.333
927.07	996.333
927.38	1003.333
927.68	996.667
927.99	985.000
928.29	973.000
928.60	968.333
928.90	965.333
929.21	966.000
929.51	960.333
929.82	962.333
930.12	947.333
930.43	944.000
930.73	935.000
931.04	934.667
931.34	930.667
931.65	920.667
931.95	905.000
932.26	884.333
932.56	884.000
932.87	886.667
933.17	883.333
933.47	865.667
933.78	851.333
934.08	842.000
934.39	843.333
934.69	839.333
935.00	836.667
935.30	825.333
935.60	823.000
935.91	823.667
936.21	828.667
936.51	830.000
936.82	824.000
937.12	821.333
937.43	816.333
937.73	814.000
938.03	814.000
938.34	812.000
938.64	813.333
938.94	803.333
939.25	803.667
939.55	800.000
939.85	802.667
940.16	788.000
940.46	783.000
940.76	770.667
941.06	774.000
941.37	764.333
941.67	754.000
941.97	748.000
942.28	745.000
942.58	746.000
942.88	735.000
943.18	734.000
943.49	729.667
943.79	732.667
944.09	732.667
944.39	733.333
944.70	730.000
945.00	722.667
945.30	716.333
945.60	717.667
945.91	720.000
946.21	723.667
946.51	724.333
946.81	725.000
947.11	726.333
947.41	718.667
947.72	716.667
948.02	711.667
948.32	712.000
948.62	708.333
948.92	706.000
949.22	704.000
949.53	695.667
949.83	690.667
950.13	680.667
950.43	677.000
950.73	673.667
951.03	676.000
951.33	675.667
951.63	670.667
951.94	662.667
952.24	663.000
952.54	658.667
952.84	656.667
953.14	654.333
953.44	654.000
953.74	650.000
954.04	642.667
954.34	644.333
954.64	644.000
954.94	642.000
955.24	637.333
955.54	638.000
955.84	636.333
956.14	634.000
956.44	635.667
956.74	631.333
957.04	631.667
957.34	632.000
957.64	635.667
957.94	629.667
958.24	624.333
958.54	618.333
958.84	618.333
959.14	622.000
959.44	623.333
959.74	626.333
960.04	622.333
960.34	620.000
960.64	617.333
960.94	617.000
961.24	620.000
961.54	620.000
961.84	614.333
962.14	612.333
962.43	612.667
962.73	612.333
963.03	607.333
963.33	597.667
963.63	593.667
963.93	593.667
964.23	596.667
964.53	595.333
964.83	594.333
965.12	595.000
965.42	598.000
965.72	592.000
966.02	588.000
966.32	579.333
966.62	583.667
966.91	575.667
967.21	573.333
967.51	563.333
967.81	567.333
968.11	565.333
968.40	566.000
968.70	558.333
969.00	557.667
969.30	550.667
969.60	549.333
969.89	546.333
970.19	548.000
970.49	546.667
970.79	546.000
971.08	542.667
971.38	540.000
971.68	532.000
971.97	527.000
972.27	521.667
972.57	523.000
972.87	525.333
973.16	527.333
973.46	523.667
973.76	519.667
974.05	517.333
974.35	513.667
974.65	512.000
974.94	509.333
975.24	510.333
975.54	510.667
975.83	514.667
976.13	512.333
976.43	508.667
976.72	500.667
977.02	497.333
977.32	491.667
977.61	489.333
977.91	483.667
978.20	485.000
978.50	483.000
978.80	484.333
979.09	482.667
979.39	478.667
979.68	478.000
979.98	472.333
980.28	472.667
980.57	471.333
980.87	472.667
981.16	468.333
981.46	460.667
981.75	457.000
982.05	457.667
982.34	461.333
982.64	462.333
982.93	463.667
983.23	460.000
983.52	454.333
983.82	449.333
984.11	447.333
984.41	447.333
984.70	446.000
985.00	443.667
985.29	441.667
985.59	440.667
985.88	439.667
986.18	441.333
986.47	435.333
986.77	435.000
987.06	426.000
987.35	427.667
987.65	424.000
987.94	427.333
988.24	421.000
988.53	418.667
988.83	413.333
989.12	413.000
989.41	412.667
989.71	412.000
990.00	411.333
990.29	408.667
990.59	405.667
990.88	402.667
991.18	399.000
991.47	397.000
991.76	394.333
992.06	393.000
992.35	394.000
992.64	393.333
992.94	392.333
993.23	388.333
993.52	386.000
993.82	383.333
994.11	381.667
994.40	382.000
994.69	381.667
994.99	381.333
995.28	378.333
995.57	380.333
995.87	377.333
996.16	379.000
996.45	374.667
996.74	372.000
997.04	370.000
997.33	371.667
997.62	375.667
997.91	374.667
998.20	372.667
998.50	368.667
998.79	363.667
999.08	362.667
999.37	359.667
999.67	358.333
999.96	356.000
1000.25	353.000
1000.54	352.333
1000.83	350.333
1001.12	352.000
1001.42	350.333
1001.71	343.333
1002.00	342.000
1002.29	342.333
1002.58	344.000
1002.87	341.667
1003.16	340.333
1003.46	340.667
1003.75	339.000
1004.04	336.333
1004.33	333.000
1004.62	332.000
1004.91	327.667
1005.20	326.667
1005.49	325.333
1005.78	326.000
1006.07	325.000
1006.36	321.667
1006.65	324.333
1006.95	322.333
1007.24	325.667
1007.53	320.667
1007.82	320.333
1008.11	317.000
1008.40	315.333
1008.69	312.667
1008.98	310.667
1009.27	311.667
1009.56	312.000
1009.85	312.000
1010.14	310.667
1010.43	309.333
1010.72	308.333
1011.01	308.333
1011.30	309.333
1011.59	306.333
1011.88	303.667
1012.16	305.000
1012.45	304.667
1012.74	304.000
1013.03	301.000
1013.32	301.000
1013.61	300.333
1013.90	300.000
1014.19	302.333
1014.48	301.333
1014.77	297.667
1015.06	296.333
1015.35	296.000
1015.63	297.000
1015.92	294.000
1016.21	291.667
1016.50	291.333
1016.79	290.000
1017.08	288.667
1017.37	286.667
1017.65	287.000
1017.94	288.333
1018.23	285.667
1018.52	282.000
1018.81	278.000
1019.09	277.667
1019.38	277.000
1019.67	276.000
1019.96	273.000
1020.25	274.333
1020.53	277.000
1020.82	279.000
1021.11	275.667
1021.40	272.333
1021.69	270.000
1021.97	270.667
1022.26	270.333
1022.55	268.667
1022.83	265.667
1023.12	263.000
1023.41	263.000
1023.70	266.333
1023.98	267.333
1024.27	267.000
1024.56	262.667
1024.84	259.667
1025.13	260.333
1025.42	261.667
1025.71	262.333
1025.99	261.333
1026.28	259.667
1026.57	259.667
1026.85	257.333
1027.14	258.333
1027.42	257.333
1027.71	257.000
1028.00	254.667
1028.28	253.333
1028.57	255.333
1028.86	254.667
1029.14	254.000
1029.43	250.333
1029.71	250.667
1030.00	252.000
1030.29	251.000
1030.57	253.333
1030.86	248.333
1031.14	247.000
1031.43	239.000
1031.71	240.667
1032.00	243.000
1032.28	245.333
1032.57	246.000
1032.86	243.667
1033.14	244.333
1033.43	247.667
1033.71	246.333
1034.00	246.000
1034.28	241.000
1034.57	240.667
1034.85	236.000
1035.14	236.333
1035.42	235.333
1035.71	236.667
1035.99	234.000
1036.27	233.333
1036.56	234.000
1036.84	233.667
1037.13	233.667
1037.41	232.333
1037.70	232.000
1037.98	230.667
1038.27	229.667
1038.55	229.667
1038.83	230.000
1039.12	231.667
1039.40	231.667
1039.69	232.000
1039.97	231.333
1040.25	230.000
1040.54	228.667
1040.82	227.333
1041.10	227.000
1041.39	227.000
1041.67	226.333
1041.95	228.333
1042.24	227.667
1042.52	227.000
1042.80	224.333
1043.09	226.000
1043.37	225.000
1043.65	225.333
1043.94	222.333
1044.22	223.000
1044.50	222.000
1044.79	222.000
1045.07	220.667
1045.35	221.000
1045.63	220.667
1045.92	223.333
1046.20	223.000
1046.48	223.667
1046.76	219.667
1047.05	216.333
1047.33	216.000
1047.61	217.333
1047.89	219.667
1048.18	219.667
1048.46	218.333
1048.74	218.000
1049.02	217.000
1049.30	218.333
1049.59	218.000
1049.87	217.667
1050.15	218.000
1050.43	216.667
1050.71	216.000
1050.99	213.333
1051.28	214.000
1051.56	214.667
1051.84	215.000
>>>>>End Spectral Data<<<<<
