367.70	0.000
368.08	0.000
368.46	0.602
368.84	0.000
369.22	0.000
369.60	0.000
369.98	0.000
370.36	0.000
370.74	0.000
371.12	0.000
371.50	0.000
371.88	0.000
372.25	0.000
372.63	0.000
373.01	0.000
373.39	0.000
373.77	0.000
374.15	0.000
374.53	0.000
374.91	0.000
375.29	0.000
375.67	0.000
376.04	0.000
376.42	0.000
376.80	0.000
377.18	0.155
377.56	-0.222
377.94	0.000
378.32	0.602
378.69	0.447
379.07	0.327
379.45	0.740
379.83	0.000
380.21	0.000
380.59	0.000
380.96	0.637
381.34	0.477
381.72	0.192
382.10	0.035
382.48	0.477
382.86	0.903
383.23	0.000
383.61	0.301
383.99	0.000
384.37	0.000
384.75	0.000
385.12	0.000
385.50	0.000
385.88	0.000
386.26	0.000
386.63	0.000
387.01	0.000
387.39	0.000
387.77	0.000
388.14	0.000
388.52	0.000
388.90	0.000
389.28	0.000
389.65	0.000
390.03	0.000
390.41	0.000
390.79	0.000
391.16	0.000
391.54	0.000
391.92	0.000
392.30	0.125
392.67	0.146
393.05	0.176
393.43	0.151
393.80	0.000
394.18	0.125
394.56	0.352
394.93	0.176
395.31	0.114
395.69	0.385
396.06	0.512
396.44	0.406
396.82	0.284
397.19	0.628
397.57	1.176
397.95	0.426
398.32	0.125
398.70	0.250
399.08	0.208
399.45	0.217
399.83	0.253
400.21	0.314
400.58	0.527
400.96	0.464
401.34	0.410
401.71	0.196
402.09	0.143
402.46	0.084
402.84	0.079
403.22	0.028
403.59	0.165
403.97	0.186
404.34	0.286
404.72	0.155
405.10	0.020
405.47	0.000
405.85	0.125
406.22	0.512
406.60	0.301
406.97	0.865
407.35	0.865
407.73	0.970
408.10	0.462
408.48	0.398
408.85	0.380
409.23	0.359
409.60	0.451
409.98	0.431
410.35	0.398
410.73	0.245
411.10	0.294
411.48	0.276
411.85	0.276
412.23	0.204
412.60	0.125
412.98	0.106
413.35	0.073
413.73	0.125
414.10	0.204
414.48	0.214
414.85	0.176
415.23	0.200
415.60	0.336
415.98	0.363
416.35	0.361
416.73	0.308
417.10	0.376
417.48	0.301
417.85	0.350
418.23	0.347
418.60	0.376
418.98	0.327
419.35	0.295
419.72	0.288
420.10	0.313
420.47	0.301
420.85	0.344
421.22	0.351
421.60	0.351
421.97	0.252
422.34	0.253
422.72	0.242
423.09	0.355
423.47	0.339
423.84	0.348
424.21	0.284
424.59	0.280
424.96	0.301
425.34	0.292
425.71	0.267
426.08	0.339
426.46	0.354
426.83	0.405
427.20	0.324
427.58	0.301
427.95	0.363
428.32	0.347
428.70	0.388
429.07	0.274
429.44	0.278
429.82	0.297
430.19	0.340
430.56	0.369
430.94	0.401
431.31	0.427
431.68	0.366
432.06	0.266
432.43	0.234
432.80	0.247
433.18	0.283
433.55	0.286
433.92	0.309
434.29	0.294
434.67	0.291
435.04	0.280
435.41	0.253
435.79	0.252
436.16	0.257
436.53	0.284
436.90	0.316
437.28	0.289
437.65	0.315
438.02	0.287
438.39	0.342
438.77	0.361
439.14	0.373
439.51	0.323
439.88	0.305
440.25	0.322
440.63	0.361
441.00	0.357
441.37	0.352
441.74	0.307
442.12	0.305
442.49	0.275
442.86	0.284
443.23	0.299
443.60	0.314
443.98	0.309
444.35	0.311
444.72	0.303
445.09	0.310
445.46	0.287
445.83	0.303
446.21	0.282
446.58	0.285
446.95	0.312
447.32	0.351
447.69	0.351
448.06	0.323
448.43	0.298
448.81	0.317
449.18	0.309
449.55	0.308
449.92	0.302
450.29	0.321
450.66	0.340
451.03	0.348
451.40	0.337
451.77	0.340
452.15	0.332
452.52	0.310
452.89	0.306
453.26	0.300
453.63	0.313
454.00	0.325
454.37	0.339
454.74	0.362
455.11	0.357
455.48	0.347
455.85	0.336
456.22	0.327
456.59	0.315
456.97	0.311
457.34	0.301
457.71	0.305
458.08	0.317
458.45	0.341
458.82	0.353
459.19	0.348
459.56	0.322
459.93	0.330
460.30	0.326
460.67	0.350
461.04	0.356
461.41	0.356
461.78	0.351
462.15	0.353
462.52	0.361
462.89	0.365
463.26	0.349
463.63	0.340
464.00	0.336
464.37	0.352
464.74	0.360
465.11	0.355
465.47	0.329
465.84	0.335
466.21	0.339
466.58	0.349
466.95	0.347
467.32	0.347
467.69	0.346
468.06	0.336
468.43	0.348
468.80	0.356
469.17	0.363
469.54	0.359
469.91	0.374
470.28	0.371
470.64	0.376
471.01	0.361
471.38	0.366
471.75	0.358
472.12	0.359
472.49	0.365
472.86	0.354
473.23	0.364
473.60	0.362
473.96	0.358
474.33	0.352
474.70	0.354
475.07	0.367
475.44	0.360
475.81	0.361
476.17	0.367
476.54	0.377
476.91	0.372
477.28	0.370
477.65	0.367
478.02	0.382
478.38	0.382
478.75	0.383
479.12	0.371
479.49	0.381
479.86	0.383
480.22	0.400
480.59	0.394
480.96	0.394
481.33	0.393
481.70	0.396
482.06	0.400
482.43	0.394
482.80	0.399
483.17	0.398
483.53	0.411
483.90	0.406
484.27	0.403
484.64	0.391
485.00	0.396
485.37	0.400
485.74	0.406
486.11	0.407
486.47	0.421
486.84	0.424
487.21	0.416
487.58	0.409
487.94	0.409
488.31	0.416
488.68	0.418
489.04	0.420
489.41	0.426
489.78	0.432
490.14	0.439
490.51	0.440
490.88	0.447
491.24	0.444
491.61	0.445
491.98	0.443
492.34	0.452
492.71	0.454
493.08	0.453
493.44	0.453
493.81	0.459
494.18	0.459
494.54	0.471
494.91	0.471
495.28	0.475
495.64	0.465
496.01	0.472
496.37	0.472
496.74	0.475
497.11	0.479
497.47	0.487
497.84	0.486
498.21	0.483
498.57	0.481
498.94	0.488
499.30	0.494
499.67	0.496
500.03	0.501
500.40	0.500
500.77	0.507
501.13	0.511
501.50	0.514
501.86	0.512
502.23	0.520
502.59	0.523
502.96	0.538
503.32	0.539
503.69	0.549
504.06	0.546
504.42	0.546
504.79	0.543
505.15	0.544
505.52	0.553
505.88	0.560
506.25	0.563
506.61	0.554
506.98	0.555
507.34	0.558
507.71	0.564
508.07	0.573
508.44	0.568
508.80	0.566
509.17	0.569
509.53	0.586
509.89	0.596
510.26	0.592
510.62	0.590
510.99	0.596
511.35	0.601
511.72	0.604
512.08	0.603
512.45	0.608
512.81	0.615
513.18	0.619
513.54	0.623
513.90	0.624
514.27	0.629
514.63	0.632
515.00	0.630
515.36	0.624
515.72	0.624
516.09	0.625
516.45	0.630
516.82	0.627
517.18	0.631
517.54	0.635
517.91	0.634
518.27	0.635
518.63	0.637
519.00	0.641
519.36	0.643
519.73	0.654
520.09	0.657
520.45	0.662
520.82	0.649
521.18	0.653
521.54	0.648
521.91	0.655
522.27	0.652
522.63	0.652
523.00	0.657
523.36	0.663
523.72	0.663
524.08	0.662
524.45	0.658
524.81	0.667
525.17	0.665
525.54	0.662
525.90	0.662
526.26	0.663
526.63	0.671
526.99	0.669
527.35	0.674
527.71	0.666
528.08	0.656
528.44	0.650
528.80	0.652
529.16	0.658
529.53	0.654
529.89	0.660
530.25	0.660
530.61	0.665
530.98	0.665
531.34	0.663
531.70	0.665
532.06	0.659
532.42	0.659
532.79	0.653
533.15	0.653
533.51	0.656
533.87	0.656
534.23	0.656
534.60	0.648
534.96	0.644
535.32	0.644
535.68	0.644
536.04	0.644
536.40	0.638
536.77	0.639
537.13	0.637
537.49	0.636
537.85	0.633
538.21	0.627
538.57	0.620
538.93	0.614
539.30	0.613
539.66	0.615
540.02	0.606
540.38	0.610
540.74	0.612
541.10	0.618
541.46	0.610
541.82	0.604
542.18	0.598
542.55	0.592
542.91	0.587
543.27	0.588
543.63	0.590
543.99	0.585
544.35	0.579
544.71	0.574
545.07	0.574
545.43	0.570
545.79	0.568
546.15	0.566
546.51	0.564
546.87	0.559
547.23	0.558
547.59	0.554
547.95	0.551
548.32	0.543
548.68	0.537
549.04	0.532
549.40	0.528
549.76	0.526
550.12	0.523
550.48	0.521
550.84	0.518
551.20	0.512
551.56	0.507
551.92	0.504
552.28	0.501
552.63	0.497
552.99	0.493
553.35	0.494
553.71	0.490
554.07	0.487
554.43	0.480
554.79	0.477
555.15	0.474
555.51	0.469
555.87	0.467
556.23	0.462
556.59	0.455
556.95	0.446
557.31	0.437
557.67	0.437
558.03	0.432
558.39	0.435
558.74	0.434
559.10	0.435
559.46	0.428
559.82	0.420
560.18	0.416
560.54	0.413
560.90	0.407
561.26	0.402
561.61	0.399
561.97	0.400
562.33	0.394
562.69	0.388
563.05	0.382
563.41	0.384
563.77	0.380
564.12	0.376
564.48	0.370
564.84	0.368
565.20	0.364
565.56	0.360
565.92	0.356
566.27	0.351
566.63	0.349
566.99	0.342
567.35	0.343
567.71	0.339
568.06	0.338
568.42	0.332
568.78	0.328
569.14	0.330
569.50	0.328
569.85	0.324
570.21	0.313
570.57	0.309
570.93	0.308
571.28	0.306
571.64	0.301
572.00	0.299
572.36	0.299
572.71	0.299
573.07	0.297
573.43	0.292
573.78	0.285
574.14	0.280
574.50	0.277
574.86	0.274
575.21	0.270
575.57	0.265
575.93	0.262
576.28	0.257
576.64	0.253
577.00	0.252
577.35	0.253
577.71	0.255
578.07	0.252
578.42	0.249
578.78	0.246
579.14	0.247
579.49	0.247
579.85	0.245
580.21	0.244
580.56	0.242
580.92	0.240
581.28	0.233
581.63	0.227
581.99	0.223
582.35	0.222
582.70	0.222
583.06	0.220
583.41	0.218
583.77	0.212
584.13	0.211
584.48	0.210
584.84	0.206
585.19	0.201
585.55	0.197
585.91	0.197
586.26	0.196
586.62	0.191
586.97	0.188
587.33	0.186
587.68	0.187
588.04	0.187
588.39	0.186
588.75	0.181
589.11	0.178
589.46	0.173
589.82	0.173
590.17	0.171
590.53	0.169
590.88	0.169
591.24	0.169
591.59	0.170
591.95	0.168
592.30	0.165
592.66	0.162
593.01	0.161
593.37	0.158
593.72	0.157
594.08	0.154
594.43	0.153
594.79	0.151
595.14	0.153
595.49	0.152
595.85	0.151
596.20	0.147
596.56	0.144
596.91	0.142
597.27	0.140
597.62	0.139
597.98	0.136
598.33	0.136
598.68	0.134
599.04	0.135
599.39	0.134
599.75	0.134
600.10	0.131
600.45	0.128
600.81	0.124
601.16	0.121
601.52	0.120
601.87	0.120
602.22	0.119
602.58	0.119
602.93	0.115
603.28	0.115
603.64	0.112
603.99	0.113
604.35	0.113
604.70	0.112
605.05	0.111
605.41	0.111
605.76	0.111
606.11	0.112
606.47	0.109
606.82	0.109
607.17	0.108
607.52	0.107
607.88	0.106
608.23	0.105
608.58	0.106
608.94	0.106
609.29	0.102
609.64	0.098
610.00	0.095
610.35	0.092
610.70	0.088
611.05	0.088
611.41	0.087
611.76	0.088
612.11	0.084
612.46	0.084
612.82	0.085
613.17	0.085
613.52	0.083
613.87	0.079
614.23	0.077
614.58	0.075
614.93	0.076
615.28	0.080
615.63	0.079
615.99	0.080
616.34	0.076
616.69	0.077
617.04	0.076
617.39	0.077
617.75	0.078
618.10	0.078
618.45	0.077
618.80	0.077
619.15	0.077
619.50	0.075
619.86	0.073
620.21	0.071
620.56	0.071
620.91	0.070
621.26	0.068
621.61	0.068
621.96	0.069
622.32	0.069
622.67	0.067
623.02	0.064
623.37	0.061
623.72	0.060
624.07	0.059
624.42	0.056
624.77	0.055
625.12	0.055
625.47	0.057
625.83	0.058
626.18	0.063
626.53	0.066
626.88	0.064
627.23	0.063
627.58	0.061
627.93	0.062
628.28	0.060
628.63	0.057
628.98	0.055
629.33	0.054
629.68	0.054
630.03	0.051
630.38	0.051
630.73	0.050
631.08	0.050
631.43	0.048
631.78	0.048
632.13	0.047
632.48	0.047
632.83	0.045
633.18	0.043
633.53	0.043
633.88	0.044
634.23	0.046
634.58	0.048
634.93	0.048
635.28	0.046
635.63	0.042
635.98	0.040
636.33	0.039
636.68	0.036
637.03	0.037
637.38	0.038
637.73	0.038
638.08	0.035
638.42	0.035
638.77	0.038
639.12	0.040
639.47	0.041
639.82	0.039
640.17	0.039
640.52	0.039
640.87	0.041
641.22	0.040
641.57	0.037
641.91	0.035
642.26	0.035
642.61	0.035
642.96	0.034
643.31	0.033
643.66	0.031
644.01	0.033
644.35	0.033
644.70	0.033
645.05	0.029
645.40	0.028
645.75	0.029
646.10	0.029
646.44	0.028
646.79	0.027
647.14	0.026
647.49	0.027
647.84	0.026
648.18	0.026
648.53	0.026
648.88	0.029
649.23	0.031
649.57	0.032
649.92	0.030
650.27	0.029
650.62	0.028
650.97	0.029
651.31	0.027
651.66	0.025
652.01	0.026
652.36	0.026
652.70	0.028
653.05	0.024
653.40	0.024
653.74	0.021
654.09	0.023
654.44	0.020
654.79	0.021
655.13	0.021
655.48	0.023
655.83	0.021
656.17	0.022
656.52	0.022
656.87	0.022
657.21	0.019
657.56	0.018
657.91	0.020
658.25	0.021
658.60	0.021
658.95	0.022
659.29	0.022
659.64	0.021
659.99	0.018
660.33	0.019
660.68	0.018
661.03	0.018
661.37	0.016
661.72	0.016
662.06	0.018
662.41	0.018
662.76	0.020
663.10	0.020
663.45	0.021
663.79	0.019
664.14	0.017
664.49	0.015
664.83	0.015
665.18	0.013
665.52	0.013
665.87	0.012
666.21	0.015
666.56	0.017
666.90	0.016
667.25	0.012
667.60	0.009
667.94	0.008
668.29	0.009
668.63	0.009
668.98	0.010
669.32	0.009
669.67	0.007
670.01	0.005
670.36	0.004
670.70	0.005
671.05	0.005
671.39	0.009
671.74	0.012
672.08	0.014
672.43	0.012
672.77	0.008
673.12	0.006
673.46	0.006
673.80	0.010
674.15	0.010
674.49	0.010
674.84	0.008
675.18	0.008
675.53	0.006
675.87	0.008
676.21	0.009
676.56	0.011
676.90	0.008
677.25	0.008
677.59	0.005
677.94	0.007
678.28	0.006
678.62	0.009
678.97	0.009
679.31	0.011
679.65	0.011
680.00	0.008
680.34	0.006
680.69	0.004
681.03	0.005
681.37	0.006
681.72	0.005
682.06	0.007
682.40	0.006
682.75	0.005
683.09	0.002
683.43	0.005
683.78	0.006
684.12	0.007
684.46	0.005
684.81	0.004
685.15	0.005
685.49	0.007
685.83	0.006
686.18	0.005
686.52	0.002
686.86	0.004
687.21	0.004
687.55	0.004
687.89	0.003
688.23	0.003
688.58	0.003
688.92	0.001
689.26	0.000
689.60	-0.001
689.95	0.000
690.29	0.000
690.63	-0.001
690.97	-0.003
691.32	-0.005
691.66	-0.005
692.00	-0.005
692.34	-0.004
692.68	-0.005
693.03	-0.005
693.37	-0.003
693.71	-0.002
694.05	-0.002
694.39	-0.002
694.73	-0.002
695.08	-0.003
695.42	-0.004
695.76	-0.005
696.10	-0.002
696.44	-0.000
696.78	0.001
697.13	-0.000
697.47	0.000
697.81	0.000
698.15	-0.001
698.49	-0.004
698.83	-0.006
699.17	-0.006
699.51	-0.005
699.85	-0.007
700.20	-0.006
700.54	-0.003
700.88	-0.004
701.22	-0.006
701.56	-0.006
701.90	-0.005
702.24	-0.004
702.58	-0.004
702.92	-0.005
703.26	-0.006
703.60	-0.005
703.94	-0.004
704.28	-0.002
704.62	-0.002
704.96	-0.001
705.30	-0.002
705.65	-0.000
705.99	-0.000
706.33	-0.000
706.67	-0.003
707.01	-0.003
707.35	-0.004
707.69	-0.003
708.03	-0.001
708.37	-0.003
708.71	-0.003
709.04	-0.004
709.38	-0.002
709.72	-0.002
710.06	-0.002
710.40	-0.001
710.74	-0.002
711.08	-0.002
711.42	-0.003
711.76	-0.003
712.10	-0.006
712.44	-0.005
712.78	-0.005
713.12	-0.003
713.46	-0.004
713.80	-0.003
714.14	-0.003
714.47	-0.004
714.81	-0.006
715.15	-0.006
715.49	-0.004
715.83	-0.003
716.17	-0.002
716.51	-0.003
716.85	-0.003
717.18	-0.005
717.52	-0.007
717.86	-0.007
718.20	-0.006
718.54	-0.006
718.88	-0.006
719.22	-0.007
719.55	-0.007
719.89	-0.005
720.23	-0.005
720.57	-0.007
720.91	-0.010
721.24	-0.010
721.58	-0.011
721.92	-0.009
722.26	-0.009
722.60	-0.006
722.93	-0.006
723.27	-0.007
723.61	-0.008
723.95	-0.007
724.28	-0.008
724.62	-0.008
724.96	-0.007
725.30	-0.005
725.63	-0.004
725.97	-0.006
726.31	-0.008
726.65	-0.009
726.98	-0.010
727.32	-0.009
727.66	-0.010
728.00	-0.008
728.33	-0.007
728.67	-0.006
729.01	-0.004
729.34	-0.004
729.68	-0.003
730.02	-0.002
730.35	-0.002
730.69	-0.002
731.03	-0.004
731.36	-0.002
731.70	-0.002
732.04	-0.001
732.37	-0.001
732.71	-0.001
733.05	-0.003
733.38	-0.005
733.72	-0.004
734.06	-0.005
734.39	-0.005
734.73	-0.004
735.06	-0.000
735.40	-0.001
735.74	-0.003
736.07	-0.005
736.41	-0.005
736.74	-0.005
737.08	-0.004
737.41	0.001
737.75	0.005
738.09	0.007
738.42	0.003
738.76	-0.001
739.09	-0.004
739.43	-0.002
739.76	-0.002
740.10	-0.003
740.43	-0.004
740.77	-0.006
741.11	-0.005
741.44	-0.007
741.78	-0.004
742.11	-0.005
742.45	-0.003
742.78	-0.005
743.12	-0.007
743.45	-0.008
743.79	-0.007
744.12	-0.005
744.45	-0.004
744.79	-0.005
745.12	-0.006
745.46	-0.006
745.79	-0.007
746.13	-0.008
746.46	-0.008
746.80	-0.006
747.13	-0.007
747.47	-0.008
747.80	-0.006
748.13	-0.005
748.47	-0.004
748.80	-0.005
749.14	-0.004
749.47	-0.004
749.80	-0.005
750.14	-0.011
750.47	-0.014
750.81	-0.014
751.14	-0.011
751.47	-0.009
751.81	-0.008
752.14	-0.007
752.47	-0.006
752.81	-0.004
753.14	-0.006
753.47	-0.005
753.81	-0.007
754.14	-0.006
754.47	-0.005
754.81	-0.005
755.14	-0.004
755.47	-0.005
755.81	-0.006
756.14	-0.007
756.47	-0.007
756.81	-0.007
757.14	-0.006
757.47	-0.009
757.80	-0.008
758.14	-0.011
758.47	-0.011
758.80	-0.011
759.14	-0.009
759.47	-0.010
759.80	-0.012
760.13	-0.010
760.47	-0.007
760.80	-0.006
761.13	-0.006
761.46	-0.008
761.79	-0.009
762.13	-0.009
762.46	-0.009
762.79	-0.008
763.12	-0.008
763.46	-0.008
763.79	-0.007
764.12	-0.004
764.45	-0.004
764.78	-0.004
765.11	-0.005
765.45	-0.004
765.78	-0.006
766.11	-0.009
766.44	-0.010
766.77	-0.010
767.10	-0.010
767.44	-0.010
767.77	-0.008
768.10	-0.007
768.43	-0.006
768.76	-0.006
769.09	-0.008
769.42	-0.009
769.75	-0.013
770.08	-0.014
770.42	-0.014
770.75	-0.012
771.08	-0.010
771.41	-0.006
771.74	-0.005
772.07	-0.006
772.40	-0.008
772.73	-0.011
773.06	-0.012
773.39	-0.012
773.72	-0.010
774.05	-0.008
774.38	-0.009
774.71	-0.009
775.04	-0.007
775.37	-0.008
775.70	-0.008
776.03	-0.011
776.36	-0.011
776.69	-0.010
777.02	-0.008
777.35	-0.008
777.68	-0.009
778.01	-0.013
778.34	-0.012
778.67	-0.012
779.00	-0.010
779.33	-0.011
779.66	-0.013
779.99	-0.013
780.32	-0.011
780.65	-0.010
780.98	-0.007
781.31	-0.003
781.64	-0.001
781.97	-0.003
782.30	-0.005
782.63	-0.005
782.95	-0.005
783.28	-0.006
783.61	-0.006
783.94	-0.003
784.27	-0.004
784.60	-0.003
784.93	-0.003
785.26	-0.004
785.59	-0.007
785.91	-0.009
786.24	-0.007
786.57	-0.005
786.90	-0.007
787.23	-0.007
787.56	-0.008
787.89	-0.006
788.21	-0.007
788.54	-0.007
788.87	-0.009
789.20	-0.010
789.53	-0.008
789.85	-0.008
790.18	-0.008
790.51	-0.012
790.84	-0.014
791.17	-0.015
791.49	-0.016
791.82	-0.016
792.15	-0.017
792.48	-0.018
792.80	-0.016
793.13	-0.014
793.46	-0.011
793.79	-0.010
794.11	-0.010
794.44	-0.013
794.77	-0.013
795.10	-0.015
795.42	-0.012
795.75	-0.011
796.08	-0.009
796.40	-0.008
796.73	-0.006
797.06	-0.005
797.39	-0.008
797.71	-0.012
798.04	-0.014
798.37	-0.013
798.69	-0.013
799.02	-0.016
799.35	-0.015
799.67	-0.012
800.00	-0.009
800.32	-0.010
800.65	-0.016
800.98	-0.015
801.30	-0.017
801.63	-0.014
801.96	-0.017
802.28	-0.015
802.61	-0.018
802.93	-0.018
803.26	-0.019
803.59	-0.019
803.91	-0.021
804.24	-0.022
804.56	-0.017
804.89	-0.015
805.22	-0.012
805.54	-0.014
805.87	-0.014
806.19	-0.015
806.52	-0.017
806.84	-0.017
807.17	-0.016
807.49	-0.018
807.82	-0.021
808.14	-0.023
808.47	-0.021
808.79	-0.021
809.12	-0.020
809.44	-0.018
809.77	-0.016
810.09	-0.015
810.42	-0.015
810.74	-0.015
811.07	-0.015
811.39	-0.015
811.72	-0.014
812.04	-0.015
812.37	-0.018
812.69	-0.019
813.02	-0.017
813.34	-0.015
813.67	-0.016
813.99	-0.016
814.31	-0.014
814.64	-0.011
814.96	-0.008
815.29	-0.007
815.61	-0.008
815.93	-0.008
816.26	-0.009
816.58	-0.010
816.91	-0.013
817.23	-0.013
817.55	-0.011
817.88	-0.010
818.20	-0.010
818.52	-0.015
818.85	-0.017
819.17	-0.018
819.50	-0.017
819.82	-0.015
820.14	-0.014
820.47	-0.011
820.79	-0.010
821.11	-0.012
821.44	-0.013
821.76	-0.013
822.08	-0.013
822.40	-0.014
822.73	-0.014
823.05	-0.014
823.37	-0.014
823.70	-0.014
824.02	-0.011
824.34	-0.010
824.66	-0.009
824.99	-0.009
825.31	-0.006
825.63	-0.006
825.95	-0.006
826.28	-0.008
826.60	-0.006
826.92	-0.007
827.24	-0.008
827.57	-0.009
827.89	-0.007
828.21	-0.008
828.53	-0.010
828.85	-0.014
829.18	-0.015
829.50	-0.012
829.82	-0.010
830.14	-0.009
830.46	-0.013
830.78	-0.011
831.11	-0.011
831.43	-0.010
831.75	-0.014
832.07	-0.013
832.39	-0.014
832.71	-0.011
833.03	-0.012
833.36	-0.008
833.68	-0.010
834.00	-0.011
834.32	-0.015
834.64	-0.016
834.96	-0.017
835.28	-0.015
835.60	-0.015
835.92	-0.013
836.25	-0.012
836.57	-0.015
836.89	-0.016
837.21	-0.018
837.53	-0.017
837.85	-0.016
838.17	-0.013
838.49	-0.012
838.81	-0.012
839.13	-0.016
839.45	-0.014
839.77	-0.013
840.09	-0.013
840.41	-0.014
840.73	-0.012
841.05	-0.009
841.37	-0.011
841.69	-0.011
842.01	-0.012
842.33	-0.006
842.65	-0.008
842.97	-0.011
843.29	-0.012
843.61	-0.008
843.93	-0.004
844.25	-0.008
844.57	-0.012
844.89	-0.015
845.21	-0.013
845.53	-0.016
845.85	-0.015
846.16	-0.018
846.48	-0.014
846.80	-0.012
847.12	-0.012
847.44	-0.013
847.76	-0.014
848.08	-0.015
848.40	-0.016
848.72	-0.017
849.04	-0.014
849.35	-0.014
849.67	-0.017
849.99	-0.020
850.31	-0.021
850.63	-0.016
850.95	-0.012
851.27	-0.009
851.58	-0.012
851.90	-0.014
852.22	-0.012
852.54	-0.008
852.86	-0.005
853.17	-0.007
853.49	-0.008
853.81	-0.008
854.13	-0.005
854.45	-0.002
854.76	-0.002
855.08	-0.002
855.40	-0.001
855.72	-0.002
856.03	-0.004
856.35	-0.004
856.67	-0.002
856.99	-0.004
857.30	-0.003
857.62	-0.004
857.94	-0.003
858.26	-0.006
858.57	-0.005
858.89	-0.004
859.21	-0.004
859.53	-0.003
859.84	-0.003
860.16	0.000
860.48	-0.002
860.79	-0.006
861.11	-0.008
861.43	-0.006
861.74	-0.002
862.06	-0.001
862.38	-0.001
862.69	-0.003
863.01	-0.006
863.33	-0.008
863.64	-0.008
863.96	-0.009
864.27	-0.006
864.59	-0.008
864.91	-0.011
865.22	-0.014
865.54	-0.011
865.85	-0.004
866.17	-0.004
866.49	-0.009
866.80	-0.013
867.12	-0.015
867.43	-0.014
867.75	-0.013
868.07	-0.011
868.38	-0.011
868.70	-0.012
869.01	-0.008
869.33	-0.005
869.64	-0.002
869.96	-0.006
870.27	-0.008
870.59	-0.005
870.90	-0.007
871.22	-0.005
871.53	-0.011
871.85	-0.006
872.16	-0.006
872.48	-0.002
872.79	-0.006
873.11	-0.006
873.42	-0.009
873.74	-0.008
874.05	-0.010
874.37	-0.016
874.68	-0.018
875.00	-0.022
875.31	-0.020
875.62	-0.014
875.94	-0.010
876.25	-0.006
876.57	-0.010
876.88	-0.009
877.20	-0.008
877.51	-0.006
877.82	-0.006
878.14	-0.006
878.45	-0.007
878.77	-0.005
879.08	-0.005
879.39	-0.003
879.71	-0.007
880.02	-0.007
880.33	-0.010
880.65	-0.010
880.96	-0.010
881.27	-0.008
881.59	-0.003
881.90	-0.000
882.21	0.001
882.53	-0.003
882.84	-0.003
883.15	-0.002
883.47	-0.001
883.78	-0.006
884.09	-0.009
884.41	-0.008
884.72	-0.005
885.03	-0.005
885.34	-0.003
885.66	-0.003
885.97	-0.005
886.28	-0.006
886.59	-0.008
886.91	-0.006
887.22	-0.008
887.53	-0.006
887.84	-0.003
888.16	-0.004
888.47	-0.006
888.78	-0.008
889.09	-0.005
889.40	-0.003
889.72	-0.003
890.03	-0.006
890.34	-0.004
890.65	-0.005
890.96	-0.004
891.28	-0.006
891.59	-0.002
891.90	-0.002
892.21	-0.001
892.52	-0.003
892.83	-0.002
893.14	-0.001
893.46	-0.001
893.77	-0.002
894.08	0.003
894.39	0.004
894.70	0.008
895.01	0.006
895.32	0.005
895.63	0.004
895.95	0.003
896.26	0.002
896.57	0.003
896.88	0.001
897.19	0.003
897.50	0.002
897.81	0.004
898.12	0.007
898.43	0.006
898.74	0.008
899.05	0.005
899.36	0.003
899.67	0.001
899.98	-0.003
900.29	0.003
900.60	-0.003
900.91	0.002
901.22	-0.002
901.53	0.002
901.84	-0.002
902.15	-0.003
902.46	-0.006
902.77	0.002
903.08	0.007
903.39	0.007
903.70	0.001
904.01	-0.001
904.32	-0.000
904.63	0.001
904.94	0.003
905.25	0.003
905.56	0.000
905.87	0.003
906.18	0.004
906.48	0.006
906.79	0.007
907.10	0.007
907.41	0.007
907.72	0.001
908.03	0.000
908.34	-0.004
908.65	-0.003
908.96	-0.003
909.26	-0.001
909.57	0.001
909.88	-0.001
910.19	-0.002
910.50	-0.001
910.81	-0.001
911.11	0.001
911.42	-0.003
911.73	-0.000
912.04	-0.000
912.35	0.000
912.66	0.002
912.96	-0.000
913.27	-0.001
913.58	-0.001
913.89	0.004
914.19	0.008
914.50	0.010
914.81	0.012
915.12	0.009
915.43	0.008
915.73	0.007
916.04	0.009
916.35	0.009
916.65	0.006
916.96	0.006
917.27	0.007
917.58	0.012
917.88	0.015
918.19	0.017
918.50	0.018
918.80	0.017
919.11	0.016
919.42	0.016
919.73	0.016
920.03	0.013
920.34	0.006
920.65	0.004
920.95	0.008
921.26	0.008
921.56	0.010
921.87	0.013
922.18	0.016
922.48	0.017
922.79	0.013
923.10	0.017
923.40	0.015
923.71	0.017
924.01	0.013
924.32	0.019
924.63	0.019
924.93	0.020
925.24	0.014
925.54	0.019
925.85	0.014
926.16	0.017
926.46	0.013
926.77	0.023
927.07	0.024
927.38	0.026
927.68	0.027
927.99	0.023
928.29	0.020
928.60	0.015
928.90	0.016
929.21	0.018
929.51	0.020
929.82	0.025
930.12	0.023
930.43	0.026
930.73	0.024
931.04	0.026
931.34	0.032
931.65	0.034
931.95	0.035
932.26	0.025
932.56	0.028
932.87	0.033
933.17	0.037
933.47	0.035
933.78	0.032
934.08	0.033
934.39	0.037
934.69	0.040
935.00	0.042
935.30	0.036
935.60	0.039
935.91	0.044
936.21	0.047
936.51	0.045
936.82	0.038
937.12	0.039
937.43	0.034
937.73	0.038
938.03	0.042
938.34	0.045
938.64	0.044
938.94	0.038
939.25	0.044
939.55	0.046
939.85	0.052
940.16	0.049
940.46	0.052
940.76	0.049
941.06	0.055
941.37	0.058
941.67	0.056
941.97	0.055
942.28	0.054
942.58	0.052
942.88	0.051
943.18	0.053
943.49	0.060
943.79	0.061
944.09	0.062
944.39	0.064
944.70	0.064
945.00	0.060
945.30	0.056
945.60	0.057
945.91	0.062
946.21	0.070
946.51	0.075
946.81	0.076
947.11	0.078
947.41	0.072
947.72	0.078
948.02	0.082
948.32	0.088
948.62	0.084
948.92	0.083
949.22	0.088
949.53	0.086
949.83	0.087
950.13	0.082
950.43	0.086
950.73	0.085
951.03	0.088
951.33	0.095
951.63	0.100
951.94	0.106
952.24	0.111
952.54	0.114
952.84	0.112
953.14	0.113
953.44	0.115
953.74	0.118
954.04	0.118
954.34	0.129
954.64	0.132
954.94	0.136
955.24	0.130
955.54	0.131
955.84	0.130
956.14	0.133
956.44	0.140
956.74	0.135
957.04	0.136
957.34	0.137
957.64	0.147
957.94	0.146
958.24	0.146
958.54	0.137
958.84	0.137
959.14	0.141
959.44	0.148
959.74	0.155
960.04	0.154
960.34	0.155
960.64	0.150
960.94	0.151
961.24	0.156
961.54	0.160
961.84	0.157
962.14	0.157
962.43	0.164
962.73	0.164
963.03	0.168
963.33	0.157
963.63	0.163
963.93	0.155
964.23	0.158
964.53	0.150
964.83	0.160
965.12	0.173
965.42	0.191
965.72	0.184
966.02	0.174
966.32	0.164
966.62	0.168
966.91	0.165
967.21	0.167
967.51	0.163
967.81	0.172
968.11	0.167
968.40	0.165
968.70	0.157
969.00	0.159
969.30	0.159
969.60	0.161
969.89	0.163
970.19	0.166
970.49	0.172
970.79	0.169
971.08	0.165
971.38	0.165
971.68	0.160
971.97	0.153
972.27	0.144
972.57	0.151
972.87	0.161
973.16	0.170
973.46	0.166
973.76	0.165
974.05	0.162
974.35	0.161
974.65	0.168
974.94	0.167
975.24	0.180
975.54	0.178
975.83	0.189
976.13	0.182
976.43	0.183
976.72	0.179
977.02	0.177
977.32	0.172
977.61	0.169
977.91	0.164
978.20	0.170
978.50	0.172
978.80	0.184
979.09	0.180
979.39	0.171
979.68	0.172
979.98	0.170
980.28	0.183
980.57	0.184
980.87	0.183
981.16	0.173
981.46	0.153
981.75	0.155
982.05	0.152
982.34	0.160
982.64	0.159
982.93	0.164
983.23	0.161
983.52	0.156
983.82	0.154
984.11	0.161
984.41	0.164
984.70	0.171
985.00	0.166
985.29	0.171
985.59	0.173
985.88	0.177
986.18	0.181
986.47	0.167
986.77	0.172
987.06	0.157
987.35	0.157
987.65	0.151
987.94	0.160
988.24	0.155
988.53	0.156
988.83	0.149
989.12	0.158
989.41	0.154
989.71	0.159
990.00	0.149
990.29	0.147
990.59	0.138
990.88	0.145
991.18	0.144
991.47	0.147
991.76	0.143
992.06	0.142
992.35	0.147
992.64	0.148
992.94	0.158
993.23	0.149
993.52	0.156
993.82	0.144
994.11	0.150
994.40	0.139
994.69	0.141
994.99	0.134
995.28	0.139
995.57	0.151
995.87	0.154
996.16	0.156
996.45	0.148
996.74	0.148
997.04	0.145
997.33	0.158
997.62	0.160
997.91	0.166
998.20	0.153
998.50	0.148
998.79	0.139
999.08	0.140
999.37	0.130
999.67	0.132
999.96	0.123
1000.25	0.134
1000.54	0.137
1000.83	0.141
1001.12	0.142
1001.42	0.129
1001.71	0.124
1002.00	0.123
1002.29	0.131
1002.58	0.133
1002.87	0.134
1003.16	0.142
1003.46	0.150
1003.75	0.151
1004.04	0.138
1004.33	0.128
1004.62	0.132
1004.91	0.123
1005.20	0.121
1005.49	0.112
1005.78	0.128
1006.07	0.125
1006.36	0.114
1006.65	0.100
1006.95	0.094
1007.24	0.116
1007.53	0.125
1007.82	0.134
1008.11	0.113
1008.40	0.108
1008.69	0.091
1008.98	0.086
1009.27	0.101
1009.56	0.103
1009.85	0.117
1010.14	0.117
1010.43	0.120
1010.72	0.117
1011.01	0.108
1011.30	0.122
1011.59	0.122
1011.88	0.132
1012.16	0.142
1012.45	0.132
1012.74	0.113
1013.03	0.103
1013.32	0.115
1013.61	0.110
1013.90	0.110
1014.19	0.113
1014.48	0.135
1014.77	0.112
1015.06	0.114
1015.35	0.101
1015.63	0.117
1015.92	0.117
1016.21	0.120
1016.50	0.124
1016.79	0.121
1017.08	0.110
1017.37	0.108
1017.65	0.102
1017.94	0.119
1018.23	0.106
1018.52	0.087
1018.81	0.091
1019.09	0.101
1019.38	0.105
1019.67	0.081
1019.96	0.055
1020.25	0.071
1020.53	0.087
1020.82	0.112
1021.11	0.107
1021.40	0.104
1021.69	0.103
1021.97	0.096
1022.26	0.085
1022.55	0.076
1022.83	0.061
1023.12	0.061
1023.41	0.062
1023.70	0.093
1023.98	0.087
1024.27	0.106
1024.56	0.086
1024.84	0.085
1025.13	0.066
1025.42	0.073
1025.71	0.089
1025.99	0.113
1026.28	0.093
1026.57	0.088
1026.85	0.070
1027.14	0.096
1027.42	0.101
1027.71	0.087
1028.00	0.079
1028.28	0.074
1028.57	0.093
1028.86	0.089
1029.14	0.090
1029.43	0.077
1029.71	0.067
1030.00	0.074
1030.29	0.063
1030.57	0.062
1030.86	0.018
1031.14	0.021
1031.43	0.021
1031.71	0.036
1032.00	0.059
1032.28	0.078
1032.57	0.105
1032.86	0.083
1033.14	0.076
1033.43	0.077
1033.71	0.086
1034.00	0.098
1034.28	0.104
1034.57	0.078
1034.85	0.041
1035.14	0.045
1035.42	0.064
1035.71	0.095
1035.99	0.052
1036.27	0.047
1036.56	0.024
1036.84	0.032
1037.13	0.046
1037.41	0.053
1037.70	0.051
1037.98	0.057
1038.27	0.067
1038.55	0.066
1038.83	0.058
1039.12	0.071
1039.40	0.110
1039.69	0.096
1039.97	0.086
1040.25	0.090
1040.54	0.083
1040.82	0.065
1041.10	0.024
1041.39	0.073
1041.67	0.078
1041.95	0.093
1042.24	0.062
1042.52	0.074
1042.80	0.085
1043.09	0.120
1043.37	0.103
1043.65	0.107
1043.94	0.054
1044.22	0.066
1044.50	0.078
1044.79	0.116
1045.07	0.111
1045.35	0.095
1045.63	0.070
1045.92	0.098
1046.20	0.086
1046.48	0.102
1046.76	0.040
1047.05	0.004
1047.33	-0.017
1047.61	0.013
1047.89	0.035
1048.18	0.052
1048.46	0.062
1048.74	0.092
1049.02	0.087
1049.30	0.100
1049.59	0.083
1049.87	0.088
1050.15	0.083
1050.43	0.056
1050.71	0.044
1050.99	0.036
1051.28	0.041
1051.56	0.087
1051.84	0.155
>>>>>End Spectral Data<<<<<
